-1.298226,1.744217
-1.155458,0.499710
0.791737,-0.540727
-0.446453,-1.044913
-0.492956,1.246880
0.760839,1.351449
-1.547361,1.991184
0.206143,1.824616
-0.503006,0.436730
1.668517,0.081588
1.990481,1.419713
-1.719505,0.507981
0.687215,0.462579
1.873911,0.493386
1.016897,-1.942630
1.551193,1.718671
1.801587,-1.604264
0.218381,0.593324
-0.144992,1.771929
1.548411,1.362053
1.018808,0.309250
0.713502,1.471447
0.300434,-1.080355
1.296063,1.797428
1.356375,0.964580
-0.120984,1.346856
0.384292,0.159511
-0.145163,-0.928492
-1.377910,-0.271252
1.564893,1.638987
-0.213882,1.116086
1.357658,-0.412294
1.511822,-0.423960
-1.818970,-0.633170
-0.652032,1.729441
-1.271117,-1.633223
0.038690,1.442385
1.838224,-1.660876
-1.637970,1.134286
-1.863447,1.718406
0.098866,0.015568
1.065262,-1.516842
-1.824921,-1.079901
-0.445334,-1.202831
0.648847,-0.880441
-1.563844,-1.565034
-1.764355,1.793814
0.022671,1.747467
-0.630146,0.203701
-0.885703,0.717822
-0.066858,-0.156820
1.084599,1.971832
-0.714435,0.922822
-1.689044,-0.352404
0.057109,-1.552491
-0.633999,-1.844026
0.463077,-1.568736
-1.360867,0.638156
-0.648637,0.193798
1.435325,-1.999790
1.313357,1.871480
-1.564824,1.549002
1.665294,0.457847
1.296469,-0.964852
-1.338452,-1.589234
1.752970,0.594690
0.253946,0.837569
0.566522,1.539511
-0.239609,0.877479
-0.812893,1.817499
1.324988,0.553109
1.973474,-0.211935
0.984372,-1.387394
-1.573779,-1.664265
0.806405,1.861546
-1.664055,0.119762
1.733027,-1.228878
-0.331236,1.398321
1.228969,-1.034767
-1.566531,1.890518
-0.624001,-1.813561
0.485208,1.629945
1.024007,-0.948270
1.169456,-1.215602
1.929209,-1.643436
-1.398102,1.254196
0.909672,-1.424629
-0.957739,-0.105956
-0.812022,-0.531517
0.229779,1.994382
-0.669971,0.565725
0.114144,-0.936944
1.336846,1.782909
-1.538623,0.565815
-1.251858,-1.105154
0.456333,0.124141
-0.918715,-1.058459
-0.245914,-1.894707
-0.006730,-1.076458
-1.110309,-0.077521
-0.719894,-0.508412
-0.823325,-1.810222
0.066960,0.218936
0.083822,1.254938
1.687419,-1.686399
1.249320,-0.982552
0.879326,-0.636536
0.080504,0.216172
-0.853627,0.541881
-1.218012,-0.105486
1.436727,1.238320
-1.981345,-1.481988
-1.820139,-0.227259
-1.376696,0.173131
0.696283,-0.487005
-1.904390,1.976389
1.004584,-0.727715
-1.833834,-0.928456
1.491222,0.249988
-1.673519,1.178641
0.563589,1.575801
-1.803911,-0.557085
-1.060734,0.276592
1.659087,0.085639
-1.181527,-1.558925
1.980153,-1.744800
1.679395,1.998808
-1.226788,1.859256
-0.228451,-0.603483
0.032387,-1.532168
0.909512,0.127998
-1.555779,-0.085904
1.400283,-1.389613
0.985639,0.891505
0.860375,1.312121
0.070145,-0.576036
0.887922,0.266234
0.866879,1.827187
-1.457174,0.525967
-0.087174,-0.638700
0.967041,-0.107021
-0.383500,0.646436
-0.108213,0.389712
0.505692,1.663336
1.786228,-1.461920
-1.868832,0.695740
0.666078,-1.424611
-1.390164,0.066361
-0.814224,1.595475
-1.042135,-1.953849
0.907596,1.028010
-0.529885,-0.204482
-0.705756,-1.663005
-0.377295,-0.162930
0.862961,1.535531
1.198370,-0.169998
-0.571490,-1.185130
-1.523561,1.320298
1.204581,0.982131
0.983634,0.990810
1.520211,1.114802
-0.313450,0.186288
1.690190,0.296386
-1.747351,-1.124034
-0.108139,-0.789486
-1.077883,-1.200543
-1.761476,0.392232
0.594975,-0.467232
0.729227,-1.782320
1.369839,-0.407812
1.753211,0.568209
1.422190,-0.818278
1.383078,1.898629
-1.497981,0.587660
0.880760,1.485653
-0.421531,0.400970
0.600455,1.265019
-1.412742,0.290645
-0.438595,-1.160093
1.166611,1.453266
0.050421,-1.911272
-1.747276,0.288945
0.480960,0.847699
1.821713,-0.789813
1.065379,1.191552
0.802375,0.818590
-0.240239,0.224565
-1.999688,-0.857160
0.123193,-1.497669
1.730499,-0.996047
1.987984,-0.691031
1.404923,0.588439
-1.426012,1.992181
-1.120916,0.135394
-1.167912,-1.954305
-0.411340,0.882509
-1.865577,-0.158616
-0.828546,0.615383
-1.310918,-1.006833
1.825569,1.754461
-1.815280,0.627944
0.573051,-0.055519
-1.147491,0.573363
1.087320,0.975702
1.075694,0.817820
1.979655,1.063678
-1.873211,1.384578
-0.347884,-1.299223
1.376759,0.531200
0.836171,-1.791152
0.576895,-1.575169
1.091357,0.711318
0.266214,-1.737190
-0.673300,0.955297
-0.744022,-0.847730
0.709757,-0.559303
1.780214,-0.717192
1.385178,-1.367278
1.856171,0.472499
1.608425,0.931865
-0.709681,1.588080
-0.004457,-0.582892
0.972658,1.647659
0.117885,0.349417
0.178859,-1.045944
0.558265,-1.244246
-0.621113,-0.350379
1.467072,1.645101
-0.087568,-1.206228
0.600398,1.168409
-0.053958,-0.689845
-1.390893,-0.273744
0.592964,1.994285
0.358979,0.449135
0.466784,-0.032597
-0.619000,1.757103
-0.444517,1.376543
-0.825789,-1.471860
1.024202,1.292096
0.877557,-0.796938
-1.753848,-0.564178
-0.041184,-0.374962
1.085443,-0.574112
-0.729861,-1.002125
0.219660,1.870537
-1.833716,-1.834297
-0.819307,-1.224609
-0.108041,1.773656
-1.230324,-1.749063
0.222791,1.236461
0.218340,1.603791
0.993563,1.773823
0.980334,-1.832226
-1.698036,0.004536
1.459870,1.179521
1.207598,1.706021
-1.384657,-0.833586
-0.668941,1.700786
0.592302,0.601199
-1.301339,-1.188038
0.471736,-1.135055
-1.022335,1.652429
-0.359664,0.869623
1.426085,0.410013
1.120561,-0.351124
-0.353527,-0.661099
-0.747333,-1.359963
-0.887276,-1.766999
-1.192189,-0.585312
0.237537,-1.732319
-1.405791,-0.554866
1.973702,-0.790448
0.611548,-0.695239
-1.089662,-0.796151
1.905960,-0.391001
0.015811,0.377696
0.473944,0.993476
0.030125,-1.885719
-0.136901,-0.543790
0.524294,-1.016340
1.105086,-1.829233
0.322561,-1.642247
-1.189196,1.435285
-1.409247,-0.381385
-1.150027,0.828290
-0.113705,-0.555818
-1.726576,-0.140003
0.653734,0.884972
1.164758,1.564072
-1.911179,1.070718
-0.826929,0.104632
-0.551585,1.647015
-0.901892,1.478540
1.761295,0.961207
-1.065250,0.285589
1.944867,-1.960165
0.456356,0.267428
-1.602412,1.267160
-0.297287,-1.011658
-1.114225,0.552686
1.816632,0.772070
1.996868,-1.909944
-1.367933,0.650602
0.975027,1.796826
0.214673,1.063848
0.867544,1.387744
-0.831519,-1.684041
1.034759,0.266589
1.794498,0.796054
-0.772204,-1.270752
-0.918357,-0.827337
-1.230917,1.537999
1.440092,-0.833328
0.805159,-0.857195
0.155013,1.690934
1.695492,-0.028355
0.463004,1.692360
0.061701,1.095071
0.342962,-0.963272
0.891897,-1.442365
-1.899424,-0.240559
1.945379,-0.730943
0.075399,0.980138
1.535646,-0.130102
-0.223808,-1.236558
0.599146,0.857835
-0.063895,1.368229
0.395834,-0.623803
-1.465099,-0.799007
0.519002,0.689914
-1.108074,0.214494
-1.338441,1.354930
-0.093146,0.723260
0.450001,-1.750185
1.759988,-0.658102
-1.192550,1.860564
1.101338,-1.247171
-0.870379,-0.823263
1.732967,-1.334733
1.046635,-0.490841
-0.571291,-0.354219
-1.633006,1.364815
-0.985990,0.762828
-1.258988,-0.451089
1.963820,1.260014
-1.761175,-1.144253
-0.525492,-1.099616
-1.789323,1.381361
1.623644,0.660678
1.631177,1.383632
-1.997424,-1.561373
1.244196,1.103914
-0.808544,-1.626183
-1.719349,-1.075577
-0.960916,1.327287
0.433582,0.467794
-1.026933,0.800575
-0.167392,-0.012923
-0.436597,0.573620
1.535988,-0.472776
-0.166366,1.774813
0.382970,1.308141
-1.324803,0.593647
0.689503,-1.701160
-0.745674,0.320679
1.682472,-0.743099
0.759306,0.926668
-1.639185,1.950762
1.300485,-1.358533
-1.124814,-1.660431
1.968753,1.308767
0.807363,-1.058179
0.109343,-1.360029
0.928898,1.672746
1.213591,0.464886
-0.800031,-0.952776
0.239698,1.582940
-1.644635,0.914895
0.176587,1.044868
1.213735,1.430913
-0.634453,0.896207
-1.312186,-1.875146
-0.177125,-0.951370
-1.924384,-0.876640
-0.309904,-1.049198
-0.537071,-0.341150
-1.740431,-1.729708
0.600671,0.368912
-1.089737,-0.470431
0.041657,-1.876146
1.994454,1.241627
-0.828922,0.234153
0.824566,-0.473557
-0.850952,-0.998846
-1.428689,-1.637217
-1.567934,-0.063141
1.258990,-0.880119
0.061712,-0.918134
0.168510,0.137328
0.205225,1.858606
1.088130,1.668155
-0.482544,1.347699
1.938447,-1.881873
-0.283389,-1.151291
-0.352304,1.758268
-1.027437,-0.357850
0.999895,0.143641
1.876303,-0.175539
1.670084,-0.974650
0.825615,-1.758605
-0.611866,1.257681
0.178254,-1.352876
-1.622438,-1.760034
-0.271010,0.546072
0.377294,1.934215
0.404678,-0.534576
1.602369,1.922134
-1.186877,1.540816
-1.959738,0.529734
-1.610474,-0.312043
0.288002,-0.637911
1.330107,-0.712104
1.505729,1.206410
1.112358,1.175813
-1.768240,-0.062028
1.417208,-0.380106
-0.804347,-0.404538
0.267018,-0.426785
-0.164572,1.996007
-1.880713,-1.787278
1.930222,0.523965
-0.321854,1.532592
0.446099,0.491269
1.073408,0.486361
-0.978997,1.462933
-1.825682,1.309004
-1.174978,1.504425
-1.403099,-1.669249
0.710835,1.709258
1.506565,0.942595
-0.352769,0.923773
-1.437511,0.842884
-1.480765,0.829507
-1.583901,0.354662
0.825514,-1.464614
0.567384,0.755737
1.059350,-1.754470
0.288328,-0.494551
0.736799,-0.638264
1.991810,1.757801
-1.175330,-1.833872
1.066806,-0.350308
1.670553,1.663706
-0.019557,0.381388
1.372965,-0.512993
-0.676017,-0.979805
-1.589220,-0.113528
1.863079,-1.069985
-1.284021,-1.720822
1.284678,1.541493
-1.185436,-0.147938
0.297230,1.873914
0.097592,-1.414442
-0.620637,-1.165610
-0.052705,-0.628827
-1.407808,0.771964
-0.462699,1.658997
-1.578344,-0.792146
1.322704,0.402099
1.589242,0.695668
1.889107,-1.086775
1.715863,-1.700113
0.799697,1.578942
-0.770098,1.515676
1.858120,-1.485420
1.057169,-1.327316
0.366641,-0.645601
-1.453402,-1.535767
-0.060043,-0.074039
-0.701377,1.887252
1.297134,-0.109185
0.659216,-1.165565
-0.450187,1.080872
0.042289,-1.127484
-0.517028,-0.368469
1.568184,-0.627922
0.544755,1.284048
-0.328035,-0.655548
0.862990,0.901867
-1.139872,0.721110
1.416447,1.917297
1.393794,-0.216912
-0.728304,1.940392
0.247321,1.211653
-0.133647,1.545944
1.098905,-0.836514
-0.563241,-0.241879
-0.002079,0.986572
-1.161007,-1.959790
1.859088,0.321965
-0.328259,1.427273
1.694043,-1.783504
0.711320,-0.633992
-0.439051,-0.425689
-1.732125,0.421077
-1.704579,1.684322
0.338373,1.689215
-0.532590,1.610069
1.629607,1.714730
0.821722,-0.504040
1.260674,-0.079373
0.659446,-1.302566
1.678748,-1.342633
1.684006,-1.482259
-1.302422,1.543094
0.839706,0.369319
0.970367,0.533749
0.585815,-0.318313
1.899757,-1.853237
1.255998,-1.832368
0.567840,1.551419
1.851954,-1.093787
1.240634,-0.680636
-1.483717,0.870241
-0.965906,1.338005
-1.633799,-1.705232
-0.741369,1.025647
-1.007798,-1.062621
1.683014,-1.323792
-0.544880,-1.619408
-1.780698,-1.705174
0.749911,1.189669
0.828575,-0.664275
-1.128644,0.728332
-0.517511,-1.872647
0.895965,-1.949671
1.678772,0.747918
-1.043458,0.919406
-1.932718,-0.527175
-0.210353,-0.898624
-1.189171,0.155848
-0.603856,0.069461
-0.818505,0.388347
1.006840,-1.135491
1.064555,-1.538040
-0.754899,1.283857
-1.243214,1.995012
0.473525,1.585361
-0.669263,1.344881
0.313694,0.813226
1.472234,-0.790342
0.863555,1.151006
1.957577,1.820097
0.070412,-1.975141
-0.707078,1.860059
-0.873765,0.103751
0.015906,0.522379
-1.826788,1.197401
-1.089274,1.180052
-1.938090,1.975280
1.642012,-0.692989
1.259137,-1.601202
-0.697978,-0.267338
1.984159,0.632759
-0.922457,0.297853
-0.554015,-1.450223
1.507511,-1.690460
1.700783,1.465088
-1.870364,-0.228805
1.489947,-0.577442
-0.368746,-1.383818
1.526309,1.647160
1.138561,1.699521
0.844561,-1.950713
0.879572,0.906471
-1.975433,0.521584
-1.786518,1.283704
0.920382,-0.484496
-0.983634,0.904541
-1.851736,0.093909
-0.797606,-0.405751
0.643686,-1.290094
-0.096212,0.344468
-1.825006,0.033425
-1.884337,1.664941
1.455983,-0.253083
-1.718877,0.982292
-0.605923,1.419684
0.681813,-1.761362
1.468970,-0.438615
1.145109,1.493537
-1.917031,1.358590
0.777241,1.003351
-1.125905,1.793607
-0.092108,-0.977641
-0.112484,1.110286
0.616607,-1.468799
1.820192,-1.479604
0.875670,1.995185
0.553821,0.991333
1.660126,0.009803
-1.261751,1.941249
-1.007905,0.132326
1.360932,1.673908
0.370964,0.829903
-0.764708,-0.483928
0.323440,-0.681739
-1.125337,-0.899319
-1.678388,-0.251242
-1.105712,0.229504
0.771116,0.781804
-0.660210,-0.612276
1.313005,-0.840018
-0.091881,0.188675
-0.844832,-1.538060
-0.819992,-1.184706
0.471743,-0.081743
-1.243457,1.463838
-1.949417,-1.882525
1.137746,0.421547
0.947378,-1.626962
1.937619,-0.729183
-0.308700,-1.187718
0.371499,0.012912
0.561040,1.265787
-1.757584,-0.667844
0.047591,-0.417793
0.719879,-0.639404
0.742189,-1.372001
1.549271,1.897357
-0.910061,-1.270721
-1.287350,1.561682
0.647536,-0.530807
1.025520,0.698119
-0.413332,0.163265
-0.880334,-1.465955
0.536303,-0.942714
-0.195137,-1.772397
-0.130432,-1.823639
0.240515,-1.569393
1.442148,0.482931
-0.237237,-0.510261
-1.934862,-1.517357
0.850335,0.807327
-0.889359,0.399606
0.704683,0.200580
1.128885,1.417334
-0.237738,-0.223578
-1.113473,-1.212219
-1.525459,0.473194
0.951047,-0.405792
1.007240,-0.512650
0.651493,-1.187898
-0.285047,-1.478939
-1.011536,1.955468
-1.048331,-1.569388
0.438399,0.714432
-0.079649,0.503537
1.197075,-1.229314
-0.689136,-1.692284
1.170293,-1.984453
0.508296,0.299178
1.432881,-1.729443
-1.924400,-1.680592
-0.941661,-1.449859
0.792602,-1.990615
0.144349,-0.200158
-0.503265,-1.204158
0.611945,1.211688
-0.683097,1.600408
1.167156,0.268572
-1.968980,-0.394445
-1.016996,-0.048629
-1.890908,-1.819922
0.722058,-0.580044
-1.512206,-0.107649
-0.564497,0.996090
-1.808471,-1.131615
1.266648,-1.732871
-0.812208,-1.675014
-1.182730,1.980395
-1.665628,0.961619
-0.219763,-0.168893
1.757461,-1.607819
-0.957205,-0.925636
1.992590,-1.790048
1.342936,-1.976390
-0.184493,-1.674060
-0.025018,-0.075401
-1.493982,-1.302961
1.344555,-1.006187
0.589390,-1.219941
1.989903,0.780919
-0.351557,1.256551
1.048048,0.836236
1.581537,1.865318
0.816630,1.915909
0.826937,-1.403133
-0.252984,0.584397
-1.010951,0.789811
1.658761,-1.018362
0.999763,1.001697
-0.994751,-1.184730
1.327637,0.980230
0.739869,1.833655
1.677270,0.084424
-1.172533,0.266660
0.864482,-1.182630
-0.952421,-1.487074
-1.926079,-1.904373
1.349161,1.655458
1.960945,0.165791
1.571367,0.787882
0.762659,-0.681617
-0.627721,1.751707
-1.891806,-0.968960
-1.266654,1.107957
-1.967263,-0.261406
1.923227,1.360374
-1.281175,0.663096
1.194029,-1.603906
-1.252480,-1.978504
0.662754,1.612002
-1.161133,1.710333
-1.875072,-1.087212
1.805960,1.474089
-1.431755,1.766905
-0.360120,-1.860388
0.554787,-1.597461
-0.542005,1.927066
-1.845754,-0.433811
-1.041894,-1.112408
-1.325854,-1.009156
0.626186,-1.402627
-1.648782,1.345011
1.260469,1.545247
1.741105,-1.992011
1.566743,0.403859
1.619991,-1.594390
0.114193,1.744919
-0.681603,-0.079847
1.219008,-0.113357
-0.312942,-1.141112
0.026255,-1.758155
-0.738573,1.484250
-1.831089,-0.584327
-0.949561,-0.872982
0.303264,-0.275414
0.117861,-1.070550
0.321959,0.469079
-1.725539,-0.417571
0.014326,-1.984434
-0.409582,-0.418931
0.419425,-0.789591
-0.013321,-1.466382
-1.044672,1.305076
0.453771,-1.825664
-0.808281,-1.859171
-0.966777,1.217974
-1.617325,0.294650
0.702225,-1.448414
1.710323,1.752664
-0.321396,0.013587
-0.522750,1.796465
0.943037,1.799209
0.265544,1.217498
-0.618363,-1.720130
1.233064,0.972055
-0.139061,-0.347510
-1.817536,1.847618
0.186108,-0.862208
1.152694,-1.360121
-0.687872,-1.655586
-1.219292,0.345351
1.562388,-0.836618
-1.359999,0.264613
-0.285032,-1.649676
0.017276,1.393572
0.363911,1.494526
1.190037,-0.693052
1.293735,-0.544418
-1.475554,-1.324628
-0.264548,1.757510
1.647427,1.596391
-0.590000,1.829891
1.444009,1.596107
-1.032317,0.596703
-1.764014,0.279811
0.941117,-0.983307
-1.374838,0.503505
0.180076,-0.734837
-1.231883,1.895044
-0.384513,0.785394
1.288617,1.979398
0.279920,0.478654
-0.713654,-0.426346
1.934235,-0.189209
0.249026,-0.330313
-0.431699,-0.103547
-0.733922,0.978301
-0.273656,-1.289914
0.574408,0.694028
1.306789,0.810394
-1.026161,0.247906
1.827087,-0.400999
-1.248589,0.007163
0.864164,-0.480472
-0.097792,-1.520348
-1.695078,-0.809176
-1.540951,0.584841
1.669478,-0.254605
-1.841505,1.603714
1.556186,0.407522
-0.726599,-0.875512
-1.696025,0.539478
-1.897211,0.030319
1.249565,0.677197
-1.275653,0.556354
-0.512409,-0.301814
-1.195740,-0.685321
1.297187,-0.444330
1.321842,0.161351
1.075198,-0.775950
0.641003,1.380120
0.414874,1.100053
-0.035039,0.084352
-1.154552,0.123456
-0.311934,-1.598366
-1.469022,0.961466
-0.473878,-1.165047
-0.499055,-0.371090
0.865272,-1.249491
-1.693893,1.589620
1.306863,-0.206302
-0.712194,-1.888877
1.108377,-1.415007
-0.333206,0.430219
0.746344,-1.258008
1.654269,-0.612653
-1.877888,0.069143
-1.512600,0.087073
-1.846505,-0.667152
-1.789471,-0.158440
-0.265519,-1.258493
-1.196973,1.260603
-0.423540,0.303972
-1.110487,-1.558267
1.054481,-0.804379
-1.968648,0.361344
0.989319,-0.680842
0.472468,0.097696
-0.095849,-1.860739
-1.472085,-1.349505
-1.118747,-1.817816
0.037842,-0.996635
0.251326,0.525242
1.090438,0.404821
1.858090,1.300967
-1.753619,-0.407429
-1.957526,-0.950592
-1.146826,-0.381066
1.353379,-0.257313
0.060667,0.407860
0.938308,0.092019
-1.230795,-0.072373
1.411177,1.241672
-1.974677,-0.684672
1.380933,-1.446762
-0.034177,-1.737814
-1.264579,-1.996335
-0.734449,0.986747
0.528908,-1.644011
-0.608432,0.386998
1.656956,-0.362051
1.979569,1.699430
0.687357,-1.167257
-0.681636,0.040736
0.575430,1.379031
-1.551403,-0.486262
-0.528950,-0.782199
1.441365,-1.117773
-1.540526,1.466688
0.197555,1.840407
-1.980074,-1.836622
-1.897407,-1.244653
-1.832957,-0.631856
1.742095,0.695951
-0.275867,-0.866337
-0.917052,-0.618911
0.771612,-0.937483
-0.919481,-0.541031
-0.104740,0.398883
1.499706,-1.529309
-0.222087,1.948302
-0.015571,1.248963
-0.833896,-0.574206
-1.868810,-0.374423
-1.107518,0.328744
-0.534016,-1.087592
0.492122,-0.431423
-0.332245,0.659165
0.936722,-0.590150
-0.644884,-1.339145
0.543513,0.438064
0.041944,-0.684875
1.500581,1.122463
0.774094,-0.604158
-0.478654,0.273799
-0.133468,1.299259
0.222102,1.850961
0.548222,1.388205
-0.723245,0.679411
-0.986218,0.169237
-0.991844,0.479766
1.081644,1.500278
-1.951656,-1.250601
0.159443,0.985065
0.159249,1.514558
1.645920,-1.297239
-0.047378,-0.312136
0.017886,-0.546796
-1.189673,-1.208020
0.849045,0.331673
1.065779,-1.284422
-0.369068,-0.712119
-1.433461,-1.820847
-1.323914,-0.156707
0.858565,-0.310132
-1.987470,1.866721
-1.830365,1.094174
1.366998,-1.782022
1.843573,-0.473559
1.203044,0.002822
-0.959000,0.848964
0.705583,0.993622
-1.463172,-1.276531
-1.553174,-0.652845
-0.484552,1.295871
1.678827,-1.418773
-1.988551,-0.690241
-0.130892,-1.422012
-0.511088,0.545194
0.421281,-1.652523
-1.764938,0.433811
-1.785802,-1.595303
-0.472015,1.581196
-1.377325,-0.628442
-0.892363,1.825719
1.374380,0.148637
0.674682,0.079963
-0.857741,1.211510
0.803432,-0.410915
-1.441335,-1.681120
-1.115043,-1.762507
-1.099893,-1.103594
-0.452748,0.769215
-0.525606,1.036164
-0.685591,1.895675
1.383641,-0.450529
0.329486,1.597839
-0.045832,1.857471
1.179035,0.576844
-0.770971,-1.713327
0.402563,-1.396591
0.435310,-0.922755
0.683371,1.577569
-1.711245,-0.513197
-0.833346,-1.152580
-0.194317,0.051611
-0.915087,0.705790
0.948017,0.632165
-0.524995,-1.577590
-0.331672,0.789415
-1.681915,-0.948031
-1.661114,0.647571
-1.350192,0.293055
0.505041,1.828843
-1.130102,1.734070
-1.884484,1.272461
-1.662521,0.550826
-1.650294,1.020850
0.128395,-1.361539
-1.492347,1.295049
-0.514118,0.313336
-0.653340,0.570795
-0.980874,-1.705323
-0.797041,0.494131
-1.282913,0.871288
-0.716454,-0.964828
1.923257,-0.377568
1.682743,-1.426935
1.915487,0.187784
-1.598091,-1.214615
-0.078146,-1.482576
-1.942154,0.259333
1.068250,-1.592448
-0.719817,-0.803355
-0.953987,-0.212165
-1.508307,0.531895
-1.898829,-0.161647
-0.897311,-0.879703
0.133030,0.305648
1.614428,0.850117
-0.823064,-1.102026
1.885289,-0.899807
0.520406,1.568032
-0.326742,0.435892
-0.244183,0.075167
1.221277,1.677671
0.592591,1.279123
-0.062996,-0.339159
1.686674,1.217187
0.857486,-1.267313
-0.994978,1.349179
1.264582,-0.893807
-0.812468,-1.632729
0.226490,1.320562
0.672919,-0.159082
0.170679,1.849855
0.738891,0.055968
-1.049952,-0.740703
-0.375999,0.623306
1.695189,1.379818
-1.301528,0.916466
1.057489,1.291063
0.195588,-1.005507
-1.048095,-0.117737
-1.788321,1.809390
0.614950,-0.783299
1.158569,-0.120468
0.322895,-1.653899
0.246803,-1.450616
1.666664,-1.080278
0.390302,-0.162657
-1.230422,-0.870807
1.893311,-0.280375
0.388490,-0.482688
-1.657069,0.083679
-1.102870,-0.958596
-0.999856,1.954618
-1.667533,1.195733
-1.050889,-0.715628
-0.922004,-0.839210
-0.906238,1.692946
0.377491,-1.747669
-0.427522,-1.299614
-1.401567,1.819281
-0.750230,-1.734904
-1.260997,1.640072
0.102439,-0.491419
-1.230735,-0.004250
1.228206,1.157755
1.513062,1.571137
-0.758567,-1.589808
-1.387459,0.241578
-1.635190,-1.054992
-0.562689,-0.686079
0.229380,0.515306
0.474710,1.323142
0.208252,-1.147798
1.575473,1.780730
-0.447412,-1.826095
1.600011,0.802358
-1.560999,-1.660986
0.442430,0.541440
-0.152405,1.211695
-1.462810,-0.924199
0.369450,-1.949747
-1.353062,1.610883
-1.539556,-0.740521
-0.147539,-1.174746
0.204487,1.289771
0.139175,-1.566133
-0.194922,-1.386115
1.757009,-1.986670
-0.533913,1.332482
1.794060,1.018675
1.506387,1.394071
-0.178967,1.945389
1.733084,-1.736537
0.486829,-0.419321
1.475158,1.024019
0.656480,-0.155393
1.074272,1.303418
-0.544510,1.534716
-1.437103,1.307951
-1.640030,0.767384
0.597722,0.499145
1.201251,-1.597200
1.113030,0.958260
-1.583870,-1.420884
0.290742,-1.789810
1.597791,-0.202871
1.604260,-0.581176
-0.257482,1.337345
-0.317714,-1.770654
-1.081976,-0.842556
1.253366,1.574504
1.002051,0.327638
0.877921,-1.542459
-0.137646,1.440818
1.765492,0.222324
0.208202,0.363214
-1.278532,-0.590547
0.766014,1.834498
-1.632287,1.182144
-1.586386,0.658454
1.392334,-1.988595
-1.544417,0.996594
-0.569771,0.198101
0.333939,1.112515
0.427447,1.251963
-1.730041,-0.319187
0.826467,1.272010
-1.991549,-0.295612
1.729551,-0.129196
-0.854795,1.495043
-1.906872,1.353407
-0.141743,-1.185404
-1.237141,-1.375729
-1.350906,-0.869428
1.806415,-0.937292
1.789026,1.198748
-0.925887,-1.755390
0.195342,0.504341
0.442711,-1.470719
-0.383144,-1.129842
1.781244,-0.113185
0.550971,0.607711
-0.841175,0.559422
-1.687902,-1.111624
-1.569774,-0.542696
-1.616581,-1.476646
-1.189289,0.241676
-0.662050,-0.426430
0.865947,-0.012957
0.704142,0.672361
1.049751,0.493168
-0.128891,-1.876136
0.737778,-1.933548
0.628205,-0.819511
-1.404267,-1.754939
0.050647,-1.623023
0.131876,-1.398382
0.984688,1.290701
1.161040,1.296786
-1.820923,1.591266
-1.245910,-1.437504
-1.885381,-0.435199
0.804172,-0.547431
1.138371,-0.329882
1.439613,-0.157487
-1.657520,0.489363
-1.664319,0.213589
0.613227,1.073459
0.280040,-0.758568
-1.746052,0.875773
-0.513507,0.304595
1.252750,1.618369
0.906212,0.237438
0.909070,0.067252
-0.465775,1.088147
-0.341482,0.288315
1.650643,-0.226863
1.853115,0.454815
1.225706,0.991486
-1.875066,0.665319
-1.166001,-1.532587
-0.845318,-0.830320
0.681002,1.767909
-1.756861,-1.038958
-0.990659,-1.502913
1.836816,0.495834
0.801681,1.089566
0.114203,-0.292106
-0.672996,-0.976727
1.775146,0.861229
-1.888580,-0.566337
-0.850457,1.762063
1.206800,-0.997341
0.216879,0.432506
1.994145,0.341813
-0.902175,-1.171856
0.809226,0.252507
-0.002177,-0.509772
0.020416,0.240962
0.451271,1.029757
0.738049,0.288086
-0.474409,-0.460270
-0.622348,1.639794
1.247624,0.704656
-1.336934,1.022770
-0.434115,-1.225514
-1.543567,0.715428
-1.463450,1.663233
1.718087,0.753429
0.095740,1.712232
-0.904759,1.193565
-1.459625,1.904467
-0.553928,0.538199
-0.605304,1.466488
-1.220839,1.845966
0.496246,1.517210
0.134053,-1.978164
-0.943059,1.511705
1.661630,-1.695435
0.216361,-1.675304
1.327335,1.782245
-0.900818,1.783768
0.497673,-0.364268
1.447002,0.215760
-1.610839,-0.457259
-0.072008,-0.515598
-1.263694,0.468367
-0.611130,0.182378
-0.993434,0.783565
-0.351133,-0.214273
0.629532,-1.854888
-0.697062,-1.236415
-1.833051,0.359879
-1.724711,1.828579
0.664444,0.491650
-1.846725,-0.008221
0.273895,-0.747543
-0.224453,-1.228431
0.888189,-0.777452
0.987329,1.277350
0.765290,-1.084679
-1.238248,1.501596
1.383688,0.150622
-0.316026,-1.609746
-1.065813,1.332841
0.175982,1.563719
1.477953,1.478920
-1.672697,1.644902
-0.161202,-1.397407
1.473480,-1.496758
1.094243,1.626755
0.495020,-0.631862
-1.120788,-1.729433
0.139707,1.767401
-0.506884,-0.872964
1.044751,-1.741595
0.042356,1.806503
1.760001,-0.573955
-0.042875,-0.556025
-0.183701,0.891312
-1.223184,1.992281
0.455031,-1.745231
1.471200,0.782335
1.899671,-0.690001
1.384927,1.373151
-0.186760,0.479170
0.999905,-1.691739
1.847308,1.879117
-1.421172,-0.012985
1.646518,0.071944
1.114050,0.691270
0.330349,-0.843593
0.497773,0.090350
0.582451,-1.545101
1.534326,-1.601250
1.346211,-1.688858
-1.608969,-0.198758
-1.434089,1.862231
-1.416423,-1.534419
-0.827770,1.968504
1.838732,0.985470
0.447674,0.838637
1.293731,0.294983
0.717755,1.872559
-1.718003,0.364273
-0.055497,1.396048
-0.944457,-1.725148
-1.447546,1.553316
0.365202,1.134906
-1.991785,-0.100472
1.533656,1.354426
0.210670,1.924687
-0.844332,0.776581
1.786918,-0.260755
1.242162,-1.040853
-0.292251,1.080894
1.944617,-1.844577
-0.080468,1.238349
0.450406,-1.362713
1.110908,0.732403
1.001560,-0.944589
0.128451,-1.942897
-0.669737,0.680905
1.610419,1.695465
-0.184189,1.618634
-0.405007,-0.650533
0.973059,1.805663
-0.725847,-1.871273
0.582244,-0.938929
-0.132028,-0.175594
0.020218,1.575721
-1.094699,-0.035164
1.731145,0.824833
-0.796816,0.181550
1.462119,-1.685908
-1.086046,0.463679
-0.630497,1.042405
0.520782,0.699766
-0.276690,0.131201
0.395231,1.539121
-0.250165,1.990224
-1.111412,-1.277106
1.795887,0.162741
-1.148378,0.378131
1.223812,0.719594
-1.797463,-0.755970
0.295315,-0.892162
1.208866,0.026459
1.932670,-1.587950
-1.791990,1.394790
-1.273858,-0.878037
-0.141531,0.095645
-1.835632,-1.620750
-1.204589,-0.112322
0.510451,1.190641
-0.573201,-1.739714
1.180865,0.315386
-1.016820,0.976752
-1.521873,-0.165198
-0.645116,1.701939
-1.445605,-0.442579
-1.054031,0.849710
0.665259,-1.845165
-1.123831,0.597929
-1.433115,-0.915822
-0.007281,-0.706972
0.206142,1.851187
1.388673,0.370510
-1.769562,-1.815917
-1.741812,0.740889
1.374725,-0.315014
1.001175,0.555590
-1.999627,1.984355
-0.467658,-1.521500
-0.180843,0.887226
-1.819561,0.373552
-1.555353,-0.873591
-0.776738,1.109906
-0.718756,0.099431
-0.292165,-0.151871
1.183609,1.700554
1.141157,-0.610249
1.551741,0.529830
1.760260,1.782179
0.713913,-1.981552
0.523068,0.088638
-0.296566,-0.475757
-1.355772,-0.296193
-0.491402,0.176570
0.182307,1.327755
-0.936204,0.362747
-0.298693,-0.491557
1.489155,0.924568
-1.381651,-1.229601
-0.976001,0.326184
0.618528,-1.792392
0.026738,-0.240315
-0.402641,-0.421521
-1.710486,-0.642381
-0.639342,1.003427
-0.623933,1.883727
-0.907935,1.079501
-0.592030,-0.263707
-1.216691,0.916568
1.912863,0.965616
0.244323,-1.023341
-0.671638,1.945630
0.485102,-1.182482
0.870199,1.103451
-0.412084,1.894198
-0.570365,-1.793556
-1.898194,1.456372
-0.033871,-0.300836
-0.965149,0.255644
1.056784,0.395510
-0.740929,-1.567149
0.279237,0.351136
1.512352,1.687207
-1.912571,-1.704339
0.603775,-1.999708
1.261277,-1.151902
-1.023049,-1.410361
-1.206272,1.462053
-0.592843,1.663927
0.565504,0.995073
1.558125,1.995138
1.201517,1.659930
1.451510,-0.832353
-0.640905,-1.513638
1.423290,-1.584122
0.881872,-1.317639
-1.151271,-0.838892
1.033497,-1.638919
-1.151685,1.120925
-1.343258,1.452090
1.121217,1.918019
-1.699812,-1.901832
-1.492342,-0.906084
1.560220,-0.085186
-1.242157,0.125724
-1.090113,-1.684032
0.120862,-1.888595
1.975898,-0.427628
-0.720949,-0.665007
0.058734,-1.297658
-0.249129,-1.059394
-0.615298,0.599600
0.101714,-1.581801
0.960682,0.950029
1.539125,1.617424
0.402118,0.660342
1.535442,0.702306
0.758510,-1.956900
1.796223,0.318730
-0.042086,-1.445934
-1.555546,0.867802
-1.129966,0.565316
0.979207,-1.154068
-1.862312,-1.741742
0.180925,0.196422
-1.039400,1.931796
1.137028,0.345302
0.531396,-0.761258
0.763502,-0.507922
-1.811230,0.302626
-0.890498,0.590889
-1.037032,-1.355056
-0.706805,1.721478
-1.311956,-0.910582
0.040208,0.645959
-0.356516,0.484662
-0.486239,0.513517
-0.950023,-1.507032
1.359449,-0.812335
-1.248774,-0.459627
1.384088,-0.288174
-0.527831,0.521115
-1.942872,-1.996435
1.759857,0.820630
-0.504356,1.948628
-0.876744,0.605145
0.539517,0.086225
1.250090,1.832712
-0.192298,1.938134
-1.077870,1.847910
0.584093,0.565613
0.332572,-1.902146
-0.920870,1.382549
-1.409178,-1.561421
-1.429786,-0.657952
-0.021047,1.954302
1.053874,1.451122
0.475417,1.111002
1.454687,0.235275
-0.068368,-1.049669
0.183902,1.054888
1.555476,-1.276581
-0.858887,0.805566
-1.443869,0.948815
0.743700,-0.521740
0.796725,-0.672207
-1.956126,-0.870703
-0.574352,-0.876996
-1.488154,0.016469
-0.438417,-0.917940
1.358517,1.540536
-0.963638,0.412391
0.991658,1.511780
-0.476607,0.446345
-0.252946,1.455024
1.396676,1.930956
0.509912,0.952152
-1.345625,1.651025
-0.242282,-0.789494
0.599840,-1.498582
0.688766,-0.603435
-0.170788,0.732640
0.525861,1.254859
1.855644,1.037707
-0.728671,-0.582773
-1.880233,-1.370154
-1.042237,-0.843871
1.042237,1.949421
-1.332091,-1.434371
0.395766,0.414963
-1.979346,-0.207559
0.345919,0.530566
-1.255407,1.000295
0.181591,0.502311
-1.789200,-1.218569
1.003730,0.899567
0.177995,-1.167058
-0.367794,-1.296143
-1.912199,-0.512150
1.741564,-0.640870
0.905077,1.861331
-0.011025,1.862840
-0.982540,-0.968788
1.812261,-0.314631
-0.403158,0.208027
-1.899668,-0.382505
-1.999532,0.446251
-1.851939,-1.254939
-0.553454,0.329652
1.247373,-0.342654
1.111083,0.251103
-1.443087,-0.710921
1.084044,0.189119
-0.007065,1.171845
1.676969,-0.265501
-1.469025,0.582046
-0.404170,0.519950
0.444886,0.613290
1.551162,0.257147
-1.701341,-0.851996
-1.534826,-1.601010
0.765499,-1.534358
0.845241,0.913560
-0.789297,-1.708213
-0.756787,-1.541924
-0.050867,-1.645704
0.709179,0.506045
-0.356625,-0.206777
-1.304836,1.636310
-1.034932,-1.627867
-0.629191,-0.503957
0.954178,0.966640
-1.984007,-0.600935
-0.420071,1.567155
1.656212,-0.121412
-1.284842,-1.878615
0.277578,1.480657
-1.412973,-0.877181
0.394218,-0.202269
-0.585394,1.637430
0.255807,1.363738
1.991726,-1.035014
-0.130217,-0.364899
0.758209,0.564947
-0.728588,1.723277
0.937080,0.642221
-0.780680,-0.108742
-0.391139,-0.764688
1.290323,1.188790
-1.197533,0.946535
-0.932622,-0.482375
1.067920,1.344956
-1.001718,1.654947
-1.532225,1.392500
-0.547322,-0.117620
1.029930,1.708485
-0.753881,1.021657
-1.326529,1.115902
-1.343242,1.431680
-0.319151,-0.071830
1.154957,-1.382071
-1.429609,-1.625723
0.509188,0.179251
-0.390411,-0.200489
-0.631959,0.412056
-1.253955,0.435419
1.929682,1.813965
-0.219625,-1.072036
1.468912,0.248150
-1.679536,-1.078410
-1.869470,1.350394
-1.369925,-0.623351
0.372051,-0.696454
-1.507449,1.028809
-1.264775,0.173400
-1.043021,1.890182
0.791330,-0.472630
-1.735541,-0.699483
1.706621,-0.125952
1.100028,-0.925338
-1.713896,1.846073
1.510081,-1.784214
1.660039,-0.709545
-0.856250,1.128951
1.538605,-0.535786
-1.949459,1.669135
-1.185392,-1.319384
-0.954216,1.186659
-0.015838,-0.461665
0.215469,0.719387
1.711735,1.172448
0.609570,0.503065
-1.300182,0.874029
1.803582,-1.593562
-1.251923,0.903610
-0.518900,-0.965819
0.749684,-1.008819
-0.750034,0.409722
0.281636,0.393716
-0.461327,-0.179759
1.857930,-0.410786
-0.510624,-1.327462
0.269830,0.535160
1.859198,-1.746008
-1.926505,0.074666
0.973379,1.785229
-0.752886,-0.417051
0.288294,-0.053068
-1.543023,0.091876
0.353370,-0.794946
-1.004513,1.834470
0.239234,1.745171
-1.174349,1.489201
0.154893,1.107288
-0.117083,1.693566
-1.072471,-0.259153
-0.717220,0.416905
0.413385,1.552610
-1.047935,0.272583
1.806602,-0.974441
-1.652751,0.779981
-1.189211,-0.405636
-1.637070,1.099083
1.541295,-1.180093
-0.809041,-0.105334
0.024961,0.186446
-0.270864,-1.735805
-0.068383,0.554787
1.753396,-1.913491
-0.337925,-0.363687
1.780075,0.589604
1.377161,-0.937145
-0.993491,-0.209454
-1.384534,-0.041427
-1.936871,-1.577932
0.984133,-1.589622
1.202049,1.794922
0.004742,1.564979
0.894005,-0.453963
-1.615114,-1.915036
1.440703,0.409847
0.271410,-0.830161
0.674042,-1.796973
1.724626,0.427438
-1.710464,-0.613299
-1.936248,-1.930388
1.976305,1.440912
-0.867533,-1.017187
-0.768542,-0.252068
0.941387,-0.705414
0.170000,-0.074481
-0.295036,-0.627951
-0.279559,1.709706
-1.062972,-1.385554
-0.744257,-0.678087
-1.300590,-1.303555
1.731760,0.970820
-0.133716,0.405802
1.173847,-0.409090
-1.166760,1.463383
0.977611,-1.103008
1.532995,0.953916
-1.662096,-1.334538
1.936729,-0.430639
0.413394,0.878116
0.863948,-1.416606
-1.196365,-1.431088
-0.044557,0.524076
-1.721382,0.892471
1.138522,-0.465639
-1.785616,1.837932
0.230806,1.946144
0.808752,-1.902910
0.351946,-0.017401
-0.311999,1.185186
-0.554018,-1.334388
-1.917822,-1.021023
1.619527,-1.579919
-0.355562,1.556256
-0.010557,-1.942168
0.434372,-1.146610
-1.358774,1.238007
-0.577698,0.596669
-0.237917,-0.299080
-0.510860,-1.099395
1.235281,-0.296476
-1.261463,-0.533913
-0.350332,1.547289
-0.436822,-1.998386
-0.470113,1.251178
1.186800,0.975869
1.916790,1.268977
1.954846,1.536318
1.689058,-0.400716
1.092574,-0.321499
-0.342884,-0.473054
0.531891,0.298342
-1.235047,1.954194
-1.104988,0.527036
-0.344886,0.384152
1.427641,-1.109605
-1.912325,-1.833822
0.356483,-0.262657
1.713467,1.919660
-0.261043,-0.756646
1.170838,-1.074243
-1.780776,1.087629
-1.805266,-1.825930
0.623946,1.883792
-0.226646,-0.283480
-0.437707,1.430470
1.243466,-1.905815
-0.271188,-1.991581
-1.951621,0.623824
0.535455,-0.296507
-0.992025,-0.036904
0.593888,-0.904349
0.129275,-1.049629
0.832994,-0.157258
-1.129969,-1.428049
1.086096,-1.959131
-0.502293,1.305320
1.128498,-0.307559
1.479390,-0.247556
-0.423766,-0.747257
1.468964,1.138527
-1.316787,0.712430
1.232712,0.412025
0.720849,1.281090
-0.964151,-0.743696
-1.015417,0.043824
1.219400,1.578471
1.139475,-0.651325
-1.471158,-0.027532
1.191417,-0.601127
0.544419,0.277513
-0.560258,-1.957874
-0.417167,-1.431761
-0.265433,-0.937778
0.320683,1.310801
0.314965,-0.210353
0.449328,0.998178
-1.497923,-0.317960
-0.589797,1.222925
-1.036869,0.446052
-1.520771,-0.052286
-1.510125,1.698629
-0.473815,1.629350
-0.952696,0.055027
-0.398182,-1.761279
1.453899,-1.853763
0.516234,-1.106359
-1.811637,-1.900933
-0.538120,-0.077069
-0.838711,1.782564
-0.766268,1.476254
-0.427789,1.683060
0.474433,0.074287
-0.634900,1.884636
-0.702788,0.328231
0.330687,-0.223559
-1.724055,0.820563
-0.524929,-0.197870
0.449913,0.522375
1.857157,-1.948269
0.761095,1.311056
-1.802032,-0.722671
-1.795303,-1.613669
-0.623604,-0.333423
0.309262,0.537685
-0.550859,1.542994
0.013939,1.021351
1.226055,-1.511628
-0.904361,-1.408845
-1.626993,0.392851
0.919386,0.703694
-1.830707,1.195331
-0.475743,-0.355637
-1.002540,1.974170
-1.833262,-1.145383
-1.974100,0.927833
-1.834327,-1.776131
-1.794838,-1.629631
-1.389800,-0.418442
0.036947,0.919462
-1.880758,1.486088
0.462457,0.133181
0.507439,-0.311489
0.621553,1.603078
0.279666,0.994560
-0.004071,-0.800948
-0.301745,0.165221
-1.605618,1.222512
1.809584,-0.608157
1.196681,1.976322
0.246459,1.222582
0.904155,0.412132
1.446450,1.109317
0.782502,-1.943350
-1.309125,-1.180552
0.976113,-1.189883
-1.694464,-0.561431
0.943299,0.812975
1.127080,-0.435148
0.416053,-0.593254
-1.440588,-1.588019
0.605798,0.257667
0.577203,1.000180
-0.519822,0.386787
-1.607977,-1.323140
0.363109,0.638482
1.899442,-0.732736
-0.949386,1.345892
-1.623418,1.833116
1.402543,-0.932543
-1.347436,0.378656
-0.122426,-1.041900
1.817225,-1.179127
1.771075,0.944305
0.385724,0.187128
-1.648949,0.945136
0.599109,0.956849
-0.797197,-0.823689
-0.042971,0.682981
1.563098,0.349052
1.359841,-0.073793
-1.012466,1.259283
1.193472,0.038148
0.605176,1.570053
-0.128736,0.007719
-1.362490,0.523828
-1.613626,0.515084
1.481928,-1.796401
1.335956,1.253003
1.147904,-0.278319
-0.559869,1.498955
-1.333183,-1.960760
0.455804,-0.130380
-0.784449,-1.587168
-1.447399,-1.221350
0.761884,1.912442
0.704857,1.749418
1.171726,-0.101671
-0.212434,-0.223099
-0.531618,1.658830
1.784620,0.105892
0.182658,-1.829006
-1.379024,-0.335414
-1.625407,1.956932
-1.082411,1.522496
-0.321387,0.357720
1.021451,0.345430
0.396960,-0.522746
-1.784951,1.612511
-0.109913,-1.232350
-1.608839,-1.348029
-1.319907,1.096018
-1.598611,1.851819
-1.005653,0.188954
-0.371280,0.462729
-0.152216,-0.586660
-1.431379,-1.969558
-0.415666,-0.810403
-0.304972,-0.041074
-0.853471,0.612618
-0.518577,0.825142
-1.029662,-1.497126
-0.829429,1.367298
-0.019872,-0.614379
0.979809,1.870215
0.153271,1.370970
-1.477814,0.833364
0.466988,-1.076426
0.685183,1.461335
1.112529,-1.686097
-0.075936,-1.039687
-0.272757,0.492685
-1.009245,1.311577
1.682281,0.685783
-0.729497,-1.171190
-0.701599,0.751926
1.653952,0.268739
1.254799,-1.175476
-0.363964,-0.765073
0.210144,-1.384155
-0.894858,-1.636584
1.986815,-0.372672
1.196780,0.453802
0.550902,-0.118037
-0.084863,-0.336569
0.195866,1.839200
0.623744,1.923108
0.331885,1.614499
1.234685,0.014166
0.300283,-1.494812
0.842977,1.598684
1.257114,0.496929
-0.132578,0.511913
1.321452,1.503458
1.746841,-0.468403
-1.880697,-1.148017
-0.104987,-1.893882
0.479311,-0.908207
0.559921,-0.969787
0.973755,-1.524943
0.693644,-0.830379
-1.685742,-0.682612
-0.907271,0.646143
-1.068113,-1.672585
-1.339691,1.232170
-1.167397,1.503286
0.830853,-1.910283
0.000215,-1.301725
0.601630,-0.678333
-1.798266,0.348471
0.853264,-1.678963
1.200454,-1.251723
-1.572845,-0.320236
-0.159931,0.987076
0.709977,-1.186176
1.462133,-0.596380
-0.016555,1.776391
0.721008,1.076175
0.422534,1.652895
1.403589,1.082843
0.885065,-1.763808
0.586128,-0.284082
-1.674091,-1.413657
0.414193,0.927539
-0.091990,0.615927
-0.723990,-1.238726
0.936964,-1.523536
-0.490449,1.364119
0.156228,1.349620
0.351195,-1.133796
-1.836555,-0.186672
0.269825,0.146890
-0.410281,-1.009167
-0.776935,-1.987747
-1.356272,-1.373346
1.095096,1.528793
-1.137154,-0.318776
-0.755289,-0.811245
0.267567,1.658904
-1.883706,-1.824423
0.274831,-0.607696
-1.063149,-0.788206
-0.131232,0.446402
-1.424086,-1.975005
-0.203978,0.927109
-1.108800,-0.040533
-1.259563,1.161025
-1.893643,0.330156
-1.848142,-0.670579
0.342409,-1.204414
-0.043925,-0.562496
-1.675621,0.818921
1.118728,-0.430910
-1.992324,-0.613704
-0.772006,-1.876029
-0.438127,1.502824
-0.483725,0.498724
-1.285381,1.385043
-1.054873,-0.709468
1.410038,0.741149
-1.782359,-1.698762
-1.299384,-1.041922
1.462262,-1.193027
1.288234,1.614120
0.136394,-0.369358
-1.590294,-1.907530
1.068147,-1.265915
0.911391,0.186875
0.303175,0.919068
1.573171,1.531168
1.043038,-0.864956
1.033992,-1.440687
1.633768,1.748611
1.944355,-1.421105
-0.960857,1.354393
1.320044,-0.743216
1.655631,-1.979340
0.214861,1.117894
-1.172367,-0.496905
0.732014,0.964027
1.133737,1.141720
1.056497,0.201884
1.875805,-0.032112
-1.611241,0.178979
-1.113045,1.961930
-0.289853,1.929993
-0.903026,-1.255861
-1.510694,-1.269258
-1.507250,-1.566338
-0.690364,-0.468107
1.788055,-1.370320
0.788677,1.443686
-1.349660,-0.996462
0.561580,-0.522027
0.506633,-0.706406
-1.558000,-0.359630
-1.564686,1.498496
1.842254,-1.688882
-0.533616,-1.768987
0.490098,0.353339
-1.807057,-1.799755
0.283332,-0.710083
-1.055616,0.772638
0.020658,-0.562865
1.206300,1.330294
0.969028,0.994355
1.959975,-0.242295
0.438041,-1.389686
0.761243,-1.000379
0.088287,-0.732124
0.293214,0.530287
0.908245,0.728528
0.028783,0.750499
1.039646,1.495166
0.981512,-0.470256
-0.151495,1.174455
-0.270011,-1.868163
-1.535628,0.674373
0.904475,0.485030
-1.888492,0.110775
-0.184675,1.080536
-0.894871,-0.224701
-1.161759,1.543170
0.385614,1.599483
-1.457209,-1.526099
-1.132641,0.836005
1.004187,1.775604
-0.435467,-0.967030
0.526104,-1.395820
-1.471864,-0.492384
0.133924,0.376641
-1.317929,1.863912
0.508478,-0.853556
0.538286,-0.587047
1.631474,0.649794
1.523728,-0.553202
-0.269670,-1.371143
1.222097,0.568571
-1.827972,-0.392289
0.168054,-1.285181
0.081612,1.035412
1.550824,-0.914201
0.811017,-0.884643
0.118769,-0.662880
-0.280463,0.646905
0.844736,1.853460
-0.976454,1.526808
1.717373,1.532024
-1.326749,0.255659
-1.055023,-1.695275
-1.094547,-1.531295
-0.248477,0.635783
-0.902438,-1.026379
-0.795647,-0.730410
0.581332,1.372407
-0.015592,-1.337056
0.407819,-0.464768
-0.251257,-0.781164
0.650589,1.867512
0.555956,-1.629874
0.514417,-0.599307
-1.776414,1.537963
-1.072499,1.940959
1.069988,-0.399248
0.196617,-1.985035
-0.094523,1.102070
-1.516330,1.657000
-0.262147,-0.418768
-1.369379,0.942206
0.850822,1.211953
0.314613,-1.164770
1.874897,-1.277568
0.370462,-0.376360
-0.058731,-0.978948
-0.508849,-1.502775
-0.608822,-1.994431
-0.102082,-0.385236
1.543532,0.825418
-0.444278,0.613520
-1.573830,1.752340
0.628485,0.331647
0.854410,1.112155
-0.011353,-1.407737
-1.306613,0.619268
1.534468,1.544209
-0.168779,-0.150919
-1.620561,-0.293882
0.571514,0.749902
1.329757,-1.487218
1.770953,-1.179091
-0.989993,-0.837869
-1.173522,0.907925
0.776894,-1.629990
-0.266657,-1.667383
0.983530,0.159513
-1.915043,-0.387986
-1.508840,0.939366
-1.275831,0.479807
1.531629,-0.582443
-0.900925,1.066097
-1.038234,0.930297
-1.084821,-0.658795
-1.363586,1.486693
-1.908893,1.966172
1.999475,1.862061
-1.212919,-0.990518
-0.975809,-0.386442
1.917407,1.801086
-0.016432,-0.349250
-1.866297,-1.032903
1.810263,-1.781341
0.579112,-1.698577
1.158026,1.303281
0.781230,0.689655
-1.279162,1.880306
-0.244248,-0.317396
0.810602,0.670931
1.023809,1.447017
0.157624,1.114916
1.413189,0.157099
0.976977,-1.799731
1.166581,-1.998832
-0.186172,1.083988
1.802254,1.797395
-1.265262,1.935957
-1.235507,-1.454999
-1.845384,1.343605
-1.153575,1.312642
0.646886,1.627655
0.002297,1.367724
1.507961,1.758049
-0.949672,0.318563
0.428980,-1.925863
-0.234420,-1.413396
1.189054,-0.821231
0.743702,0.166031
-0.620962,-0.089717
0.167199,1.192866
-1.005729,-0.030547
0.990261,-0.270991
-0.094590,1.754754
0.274011,0.060027
1.098359,1.120435
-0.627331,-0.254755
0.748091,1.374966
-0.887031,0.256052
1.133015,0.163297
-1.425385,-0.438005
0.237434,0.340195
0.148598,-0.573512
1.518964,-1.107699
1.592518,-1.101998
0.802584,-0.240283
-1.909132,1.796855
1.729171,1.081129
-0.474136,-0.365419
0.835883,1.799875
1.694608,-0.065758
0.920310,-0.932724
1.679487,-0.331599
-1.557758,-1.207545
1.924452,1.575257
0.955752,-1.500933
-0.862749,-0.806814
0.839263,1.285849
0.619673,0.358227
-1.821850,0.212191
1.256229,0.980734
1.971909,1.347097
0.777589,1.701079
0.428227,-1.696547
-0.664340,-0.735890
-1.896672,-0.969732
1.198352,1.023638
0.097544,0.877838
-1.307961,0.539786
1.670294,-1.383509
0.115042,0.626045
-0.884442,1.252294
1.819231,1.954821
0.538143,0.438904
0.313048,0.716293
-1.348904,-0.430723
-0.302973,-1.376996
-1.083626,-1.525384
-1.675916,1.344601
-1.221932,-0.340256
-1.391289,-1.118604
0.690012,1.807063
1.905034,-1.212444
0.684901,-1.402927
1.327342,0.355195
-0.786436,-0.557616
-1.018760,0.329122
-1.305322,-1.199529
0.283943,1.232821
1.239376,-1.403010
-0.050886,1.890471
0.166267,1.646141
-1.486524,1.082641
-1.879244,-1.162441
0.427242,-1.101175
0.497303,1.035953
-0.219779,-0.812685
0.843015,-0.314745
-0.025129,-0.472083
0.282328,-0.697788
1.883111,1.495892
0.744596,-1.135648
-0.174986,1.439274
-0.335177,-1.891043
0.672095,-1.095802
-1.294053,-1.378791
-1.205330,0.872214
-1.732651,-0.691855
-0.045144,-1.611894
0.145705,-1.617902
-0.713070,-1.356992
1.418051,1.067151
-0.169677,0.261066
-1.247593,1.805193
1.788983,1.034734
-0.892594,1.672094
0.530626,1.852002
-1.463554,-1.644360
1.291276,0.201269
-1.535404,-0.036629
1.105467,-0.829457
0.584579,1.900137
-1.957242,0.851928
-0.791718,-0.002387
1.240034,1.353987
0.379711,-1.473035
1.996994,-0.202238
1.594116,-0.172683
-1.941171,-1.653477
-0.367490,1.847811
1.381257,0.739916
1.519906,-0.088117
0.591918,-1.943649
0.267523,-0.116806
0.257620,0.732119
1.846564,-0.636913
1.902662,0.431143
-0.736776,1.945420
-0.716928,0.471507
-0.056966,-1.476894
-0.174507,-1.677255
-0.949930,-0.177512
0.120507,-1.355813
1.649805,0.179336
-1.009291,-0.717685
0.027147,-1.628034
-1.977769,-0.452947
0.283849,0.614149
-0.396596,-1.448628
-1.502658,1.861024
1.283491,-1.656093
-0.775888,1.186154
0.775050,0.487336
1.131574,-1.941879
-1.041158,-0.925393
-1.418773,0.784336
-0.602648,-0.368702
-1.393177,1.517860
0.275484,-1.743372
-0.302805,1.266194
-0.461056,1.724342
1.638160,-0.438825
-0.728605,-0.077991
-1.824676,0.874799
0.473381,-1.327334
0.735823,-0.243127
-0.983427,1.959935
-1.056974,1.791623
0.447271,-1.925400
1.849744,1.406113
-0.850792,-1.569028
0.190449,0.546560
0.062269,0.797273
0.064420,-1.662246
1.053901,1.761615
1.603947,-1.407155
1.485957,1.242107
0.154019,-1.242648
-0.835884,0.329343
1.632151,1.637498
1.002010,0.367975
-0.605629,-1.981417
0.327910,0.337397
1.810205,-1.224819
0.411997,1.659949
-1.818706,1.561205
-1.909079,0.371743
0.107765,0.153190
-0.830984,-1.827815
0.490944,-1.777083
1.933800,0.094891
-1.184239,1.419758
-0.663001,0.969781
-1.822890,0.501115
-0.700876,1.809261
0.138613,-1.698866
0.177236,1.532984
-1.680284,-1.494854
-0.129619,-1.870079
-0.719673,-1.717622
1.789871,-0.538379
1.843583,1.880792
1.833364,-0.048652
0.033982,-0.997621
0.123533,-1.475074
-0.774704,0.057333
0.619818,0.041057
-0.522909,1.956816
-0.989162,-0.345799
0.457932,0.309962
-0.536538,-1.403455
0.611096,1.640698
-1.870472,0.930812
-1.854156,-0.000091
1.060733,-0.573829
0.282287,0.850604
0.887791,0.125870
0.731396,0.721155
-1.922782,-1.234622
1.723534,0.200751
-0.709695,-1.051170
-1.741916,1.910122
0.989888,-0.264825
1.866939,-1.999274
1.389376,0.324870
0.310688,-1.147162
0.921415,-1.078216
-1.506464,1.050943
1.852596,-1.360620
-0.949148,0.913329
0.065551,1.333138
-0.236067,-1.046658
-0.540992,-1.504670
1.674497,-0.463774
-0.739292,1.398031
1.736977,0.551012
-1.653139,1.995061
0.461135,1.336748
-0.269764,0.328073
1.337474,-0.880388
-1.347057,-0.351838
-0.027550,1.574358
0.569945,0.465986
0.625301,0.422541
1.105366,1.676153
-0.664130,-0.829083
1.009291,1.099803
0.124258,-1.531701
1.595133,-0.201245
0.004525,-1.144159
-0.803214,-0.258498
1.406853,-0.456354
-0.263437,-0.132012
-1.119605,1.466799
-1.803939,-1.782131
-1.413589,-1.150995
-0.133969,0.558861
-1.576637,-1.564024
-0.975154,1.048664
0.858517,-1.869788
0.724817,-1.805613
-0.698871,-0.265892
1.294191,1.425387
0.202407,0.889324
-0.775858,-1.793068
1.745165,0.420928
-0.051567,1.152018
1.964574,1.684996
-0.979994,-1.155031
1.151795,-0.783933
-0.937162,1.738205
0.065072,0.928869
0.297066,0.488434
1.364845,1.321912
-0.462902,0.223362
1.452125,-1.738085
0.417749,-1.246746
-0.003977,-0.288060
-1.821359,-1.801571
-1.398736,-0.597217
-1.594639,-1.653572
1.823711,0.353795
1.498446,1.788285
0.038790,-1.481548
-1.366746,-0.809415
-0.265481,-0.303908
-1.071210,1.799590
-1.375039,1.225856
0.288025,1.989806
0.547768,1.825123
0.213168,-0.000107
-1.912962,-1.369083
0.753147,0.083060
0.342858,0.931788
0.281490,0.944121
-1.665429,0.686851
1.290549,-1.841718
-0.959355,0.788995
1.946568,1.079436
1.307447,-1.420178
-1.729979,-0.958034
0.275914,-0.801189
-1.158444,0.900876
-1.575333,1.129580
0.890682,0.972435
0.954703,-0.896150
-1.027672,1.041741
-0.265233,1.725474
-0.875199,-1.922375
0.657262,1.406291
1.021746,0.991833
0.093142,0.312296
1.150116,1.133787
-0.898709,1.096683
0.213223,-1.591262
1.676505,0.483243
-0.549296,-0.047580
1.682054,0.292259
-1.146705,-1.893279
-0.578161,1.743977
1.079155,-1.623458
-1.152173,-1.948517
1.418283,0.582595
1.776957,-1.456916
0.660220,0.434219
1.949374,-0.318034
-0.573948,0.042516
1.994262,-1.423832
-0.823697,-0.904447
1.672851,1.389526
-0.495709,1.349356
-0.127231,0.954994
-0.698224,-0.445177
-0.752747,0.155072
-0.338456,0.669093
-0.100951,-1.259300
1.045635,0.746876
-1.207817,0.463918
-0.670529,-1.430860
1.007002,1.989691
1.003359,0.956376
-0.328343,-1.570589
-1.001108,-0.334082
-0.994421,0.175195
0.761471,-1.321570
-0.435279,-1.734239
-1.972214,1.437490
1.220756,-0.670437
-1.007686,-1.531991
1.484634,0.653858
1.137102,-0.616317
1.394557,0.182737
-1.869441,-1.813260
-1.353345,-0.539970
-1.244120,1.653657
-0.550279,1.759238
0.610033,1.121377
-1.811350,1.608925
-1.212705,-0.805771
-0.215880,1.548766
-0.127341,1.348841
1.814528,-0.099555
0.786331,1.035283
1.230008,1.778645
1.503292,0.714642
0.432503,0.640394
-1.901675,-0.172940
-1.176870,-1.771115
0.013800,-0.530215
-0.311085,0.769680
-0.876558,1.138636
0.528918,1.733475
0.260013,0.717568
1.342400,1.047308
1.911796,-0.873479
0.596074,-0.215545
-1.524638,0.410602
1.684900,1.261693
-0.554115,0.914908
1.040338,-1.050823
-0.370450,-0.527159
1.589571,-0.272125
1.299902,-1.587299
-0.043240,-0.686298
-0.117514,1.645674
-1.916618,1.005928
0.784310,0.612300
0.739403,-0.955677
-0.670132,0.081803
-1.908369,-0.758336
1.208324,0.687705
1.026119,1.683686
-0.901693,0.711019
0.945379,0.544192
-0.374073,-0.014283
1.493369,1.255477
1.458559,1.082940
-1.016648,0.758460
1.495641,0.940111
-1.927838,-0.621873
0.585785,-1.844456
-1.615945,-0.629905
0.767843,1.123459
0.414418,-1.902289
-0.794738,0.506049
-0.660625,-1.586414
-0.806246,-1.634506
-1.902729,0.292062
1.076514,1.042650
-1.163746,-1.297560
-0.971633,-1.670377
1.957917,-1.513074
1.412563,-1.058732
1.245386,0.908204
1.881380,1.317548
-1.713669,0.467165
1.473091,-1.329613
1.837260,0.240935
1.793845,0.251678
0.338646,-1.000893
-1.242273,1.678022
-0.587307,-0.048519
-1.956484,-0.490036
-1.756458,1.120030
-1.447386,-0.920204
1.822470,-0.419019
-0.590580,1.780387
0.067907,-1.178017
-1.278345,-0.686707
1.730187,-1.396965
-1.369159,-1.983482
1.070200,-1.896067
-1.313095,0.907460
0.344867,-1.519249
-0.840862,-1.316486
-0.520142,-0.083136
-1.638465,0.892551
1.868345,-1.594949
-1.597485,-1.888112
1.525081,-1.044871
-0.808316,1.347551
0.536110,0.601104
1.127937,-1.395983
1.423086,1.849593
-0.082689,1.153273
-1.547373,0.548152
1.169792,1.522827
0.652084,1.856697
0.430287,-1.003048
-1.662553,1.589425
-0.319535,-0.182695
-0.493711,0.042001
-1.290144,-0.625366
0.447052,-0.887630
-0.513478,-0.027868
0.067499,0.678206
-0.680317,-1.396391
-0.720690,-1.552379
-0.792374,-1.297604
-1.702787,1.124936
1.855669,-1.250159
-0.326912,1.025461
-1.727332,-1.674827
0.882158,0.702955
-0.677876,1.219605
0.292380,1.002590
-0.963090,1.798669
-0.955410,-0.253234
-0.826697,1.491642
0.859136,0.659825
-0.536225,-1.073366
-0.661969,0.783458
-0.469757,0.617341
1.231078,0.737868
1.319737,1.528291
-0.137195,1.175406
-1.721868,1.535893
0.200867,-1.449200
1.861066,-0.916975
1.253755,-0.816810
-1.697370,-0.453866
-1.814220,-0.660460
-0.655197,-0.769630
1.086306,0.518106
-1.277987,-0.054559
-0.822069,0.185787
0.872075,0.515962
-1.030755,-1.597682
-0.866697,-1.799677
1.140186,-1.546960
1.728615,-0.997009
1.628446,-1.993253
-1.461116,-0.170686
-1.442453,-1.600050
0.912339,1.811302
-0.416860,1.214969
-0.642564,-0.231080
-1.445491,0.702239
0.999290,1.640814
-0.779655,1.721303
-0.413744,0.398276
-0.092910,-1.541669
-1.085762,0.876335
-1.139351,0.047541
1.076658,-1.999165
0.500581,0.805273
-0.996174,0.129027
0.812020,-0.457290
1.958341,1.369567
-0.057340,0.870679
1.180869,1.525800
0.085648,-1.461695
-0.705281,0.640157
1.240544,-1.705990
0.280972,-1.539111
-1.984688,1.867227
0.859165,-0.077598
-1.674442,1.773402
-1.201263,-0.813793
-0.179057,1.875396
-0.812958,-1.678476
0.680669,0.190868
0.450551,-0.507311
1.733578,0.408891
-1.137744,-0.323762
-0.720429,-1.956875
-0.797962,1.365219
-1.418570,0.496757
0.005376,1.821973
0.790767,-1.713652
-1.717138,0.806079
-1.846425,1.142027
-1.271519,-1.520867
0.915429,-0.472781
-0.334660,-1.263628
-0.597385,0.852382
-0.942104,-1.916716
-0.956750,1.508447
-0.424027,-1.223172
-0.082662,0.438229
0.453066,1.196909
0.481354,1.655104
0.562128,1.062784
0.151861,-1.432496
0.884757,-1.057372
-1.146147,1.167619
1.748707,-0.992572
0.309646,-1.522812
-0.513439,-0.774924
0.004407,1.151901
-0.038552,1.407021
0.004284,1.019344
1.490305,1.047533
0.527791,-0.933722
1.824361,-1.554871
1.504508,0.277428
1.642038,-0.014138
-0.067469,0.204166
-0.951354,-1.915608
0.771671,1.933403
-0.972980,1.625523
1.101022,-1.224274
-1.367049,-0.589331
-0.747086,0.119512
0.635744,1.257321
-0.728586,-1.402808
0.664343,1.275697
1.616536,0.154648
0.323231,0.144327
1.220926,0.147592
0.589456,0.725434
-1.574980,0.231494
-1.288704,0.357551
-1.564339,-0.240058
0.441944,1.207331
-0.306655,1.468964
0.832855,-1.205633
-1.755310,1.465806
0.205036,-0.502396
-0.414682,-1.159220
-1.245075,0.856732
-0.562028,1.419268
0.132429,-0.945492
-0.426084,-1.544340
1.198835,-1.205158
0.603253,-0.211709
1.520276,1.028272
-1.980214,-1.768428
-0.614176,-1.544554
-0.008486,1.827767
1.662777,1.684858
1.296731,0.495632
-1.520775,1.541421
-0.038562,0.684261
-0.960975,1.546756
1.525041,-0.206049
0.403488,-1.036987
-0.786781,-1.464083
0.017521,0.787134
-1.008423,-0.783644
1.581976,1.594830
1.004647,1.102253
0.623102,1.024433
1.333825,-1.991074
1.479879,-0.674661
1.836693,1.142656
-0.989803,1.133424
-0.361712,-0.510578
0.674845,1.599726
-1.826317,1.713870
1.146481,1.698724
-0.492179,-0.450031
-1.338263,0.721039
0.085886,0.679258
-0.491826,1.077464
1.895614,-0.909850
0.672293,0.900262
-1.807597,-0.704605
-0.075305,1.526228
-0.695679,-0.595426
-1.148434,-0.858985
-1.452770,-0.138237
-1.725561,0.185518
1.351186,0.949284
-0.214756,1.524869
0.663154,-1.068275
1.223594,-1.829025
0.481695,1.885331
0.892014,-1.432419
0.564589,-1.599812
1.645044,0.460204
-0.509662,0.317338
-0.639534,-0.317259
1.612733,1.285160
-0.791032,-1.082946
-1.310266,0.060535
0.058069,-0.763036
1.922298,0.332508
1.422482,1.273484
-0.718209,-0.792274
0.798353,1.944945
0.139452,0.021947
-1.884080,-1.378853
-0.092722,1.007934
-0.811272,-1.528133
1.408121,-1.166228
0.932071,-1.101541
1.151110,-1.707463
0.581200,0.763843
1.577697,1.790168
1.680897,-1.732569
-0.149298,-0.261034
-0.495605,-0.226999
-1.928526,-1.073122
-0.953515,-0.646735
0.134604,1.844838
-0.701790,-1.725944
-0.133215,-0.585870
-1.104797,1.774063
-1.577937,0.083930
-1.754070,1.830185
0.917702,1.178001
-1.271356,0.068812
1.470538,1.309844
-1.167345,1.048235
1.100012,-1.486448
1.315666,-1.049286
0.252518,-1.179939
0.723715,0.323992
-0.253061,1.770199
1.677257,1.881543
1.615037,-1.024533
-1.844401,-0.518178
0.389597,-0.949198
-0.744115,0.811660
1.134732,-0.498184
0.641845,0.052435
-1.320183,1.370489
-1.878753,-1.849645
0.680333,-1.046099
1.198589,-0.219656
-0.532547,0.514255
0.731058,1.719972
1.334316,-0.545227
0.043964,-0.918745
-0.775028,-0.278779
-1.037202,-1.159991
0.696688,-0.881603
0.321832,-0.913716
0.169199,1.577717
1.897945,-0.696069
-0.920467,0.539790
1.356365,-0.240650
-0.089721,1.477612
-0.090295,-1.409389
-1.568487,-0.891706
0.370955,-0.101034
1.622549,-0.897986
-0.381062,0.956865
0.556787,1.662901
-1.961880,1.781759
-0.615878,-0.999083
-1.378232,-1.919191
0.119314,0.943600
-0.832906,-1.711487
0.521317,-0.934962
-0.407557,1.600849
1.604828,-1.051192
-0.639801,-0.484893
-1.573580,1.269904
0.105718,-1.142067
-1.621802,-1.523327
0.756899,-1.999253
-0.421313,-1.624163
0.957612,-1.864526
-1.961261,0.995731
1.917232,-0.577140
1.996649,-1.461000
-0.496330,0.115963
1.482600,0.670764
0.404475,0.003916
1.735802,1.996918
-0.395234,1.340630
-1.054273,0.964965
-1.144263,-0.627853
0.234869,0.961455
0.230080,0.613066
1.438128,-1.013021
0.613813,-0.983185
-0.637183,-0.428576
-0.847711,-0.598445
-1.432844,-0.930479
0.824416,-1.436196
-0.391479,-1.671914
0.679767,-0.908879
0.998849,-0.915758
1.095037,0.734652
-0.918840,-1.300197
0.075282,0.026887
1.664768,0.931018
1.399034,-0.100363
-0.107527,-0.370886
-1.487297,-0.669399
0.616094,1.126516
0.347416,1.978910
-1.302060,1.499705
-0.619534,-0.734904
-1.430774,-1.795118
-0.171100,0.177747
-1.467033,-1.491333
1.268868,1.531817
-0.407091,0.363905
0.266468,0.674070
1.063709,-1.658250
-1.299043,0.728477
1.272768,-1.900009
-1.371886,-0.834759
-0.270895,-0.859183
0.495842,-1.654801
-1.732667,-1.156742
-1.675891,-1.034727
-1.657038,-0.295425
0.230369,-1.087812
-0.090544,-1.940730
1.089935,0.442424
-1.432063,0.358803
-0.025760,0.160846
-1.277291,-1.759292
-1.165085,1.786417
-1.417542,-0.464128
0.514894,1.855226
-0.364137,1.143008
-0.979533,1.364968
-1.716175,1.516309
1.710167,-1.448842
-1.640433,-1.965724
-0.483568,-1.297471
-0.261149,1.746801
-0.385283,1.648307
1.806070,-1.295348
0.090731,-1.625993
1.063455,-1.935029
0.534853,1.786164
-1.694320,1.369768
1.572581,-1.111862
-1.094360,0.087476
-1.256636,0.541503
-0.769516,-0.236169
-0.093530,-0.485691
-0.719860,-0.383363
0.065467,-0.360294
-0.349087,1.581899
0.342235,1.389764
1.328699,1.956953
1.038071,1.134770
-1.338395,-0.871197
1.508777,1.725060
-0.806226,0.043629
1.511225,-0.500546
-0.586603,1.083806
0.387592,0.319037
-0.828718,1.130956
-1.139460,0.401765
-1.105213,0.767010
1.916074,0.174927
-1.616353,-0.018459
1.814633,0.034560
-0.436560,0.156869
-0.575676,-1.107861
0.113821,-1.537604
-1.973091,0.775426
-0.408802,1.535686
0.500487,0.784972
-0.420685,0.011711
-1.715574,0.992712
-0.904483,0.672018
-0.688250,0.266799
-0.197027,0.172289
-1.331436,0.697760
-1.060701,-1.415362
-1.127314,-0.677053
0.566179,-1.312680
1.357507,-1.870382
0.844188,-1.218168
-0.978242,-1.041991
-0.755773,-0.951334
1.733436,0.835426
-1.415648,0.233922
-0.379602,0.163667
-1.754366,-0.095176
-0.843620,-0.658849
-1.423158,0.468129
1.607949,0.379815
-1.359581,-1.723487
-0.922425,-0.420282
-1.138849,-0.049739
0.902665,1.427330
0.637581,0.260172
1.556948,-0.518231
1.042003,-1.421294
0.439779,-1.713769
-0.372628,0.173214
1.121657,0.211724
-1.592863,-1.257945
-1.624608,-1.347230
0.646879,-0.468228
-0.006079,1.223721
1.999901,-0.398130
-0.396464,-1.359680
-0.121617,0.681111
0.220038,0.739534
-1.368628,-0.877298
0.166864,1.268953
1.382874,-0.276187
-1.249278,0.424877
0.302518,1.190501
0.711107,1.929891
-0.636285,-0.167236
0.141615,-0.229149
0.574819,0.517007
0.423622,-0.778302
-1.951221,-1.582457
-1.554581,-1.951320
0.019413,0.048955
-1.311001,1.897796
-1.269934,0.909037
0.637331,-0.638562
-1.968261,-1.195805
-1.369609,1.414613
0.528007,-0.618887
-0.160511,-1.169474
-1.428387,-1.449403
-1.239584,-0.064672
0.383360,0.902032
1.706180,-1.041821
-0.580961,0.129801
0.179877,-0.532182
0.547344,0.625296
-0.483503,-1.433243
-1.325749,0.205497
-1.535447,-0.595683
-0.885466,1.101884
0.765755,-0.853728
1.906078,1.396145
-1.439115,0.434086
-1.222742,0.400374
