-0.690575,-1.526561
0.535494,-1.345361
-1.290795,-1.086287
-0.445338,0.930812
1.406894,-1.309582
0.430563,0.035360
-1.261526,-1.402017
0.175225,-1.265674
-1.065389,1.440336
-1.491407,-1.346886
1.757342,-0.835695
0.942041,-1.366434
1.524809,1.876143
-1.383221,0.654476
-1.194721,1.375965
-1.294327,0.114705
1.849404,1.241167
0.769344,-1.441391
-1.845120,-1.675995
1.489421,1.561773
-0.985577,-0.080016
-0.402867,-0.247103
0.517967,1.772358
0.487223,1.452578
1.212694,0.995816
-1.894308,0.970036
-1.839879,1.047733
1.603602,1.684930
0.923877,-1.779618
0.339406,1.729156
1.596347,1.045078
-0.156139,1.445751
0.286245,-1.386796
-1.995641,0.441124
-1.062791,1.493780
0.002898,-0.048367
-0.586236,1.600031
1.704530,1.931731
1.372388,0.191752
1.384309,0.585082
-0.812432,1.490001
-0.444882,-0.652311
0.537734,-0.841279
-0.967381,-0.538389
-0.620897,1.372025
-0.809233,-1.024551
0.417103,1.034627
-1.578800,-1.296652
1.647832,-1.574441
1.144472,-1.414959
1.919340,-0.852630
0.536674,-0.666896
-1.252599,0.241203
-0.735165,-1.880211
-1.567044,-1.350856
0.704871,-0.379476
-1.860856,-1.740011
0.968213,0.676878
-0.581290,-1.999167
-1.861511,0.797813
1.372857,-0.670744
1.773262,-0.210040
-1.636117,-1.805538
0.493308,-1.988285
-1.379979,-0.362220
-1.403244,-1.460639
0.785150,1.133430
-0.127535,1.532551
-0.625367,1.137300
1.652340,-0.192412
1.786444,0.357211
1.428112,1.925588
0.617200,0.396326
0.602466,-1.964090
0.397158,0.740955
0.833723,-0.229984
-1.929789,0.606985
1.559976,-1.565906
0.801447,0.053284
-1.554192,1.421468
1.691064,-0.957436
1.960829,0.476214
-1.824006,-0.166706
0.008765,-0.449373
-1.029405,-0.338896
1.358215,-1.242962
-1.981685,0.786328
-1.317374,0.635515
-0.817347,1.285092
0.671425,1.579811
0.026047,-0.494852
-0.650173,0.096258
-1.887867,-1.090197
0.530351,0.913580
0.963087,0.976160
0.335048,0.654152
-1.981276,0.295877
-0.869634,-1.805282
-1.870828,1.139131
-0.254655,-0.900234
-1.199765,-0.896440
-0.143195,-1.181450
1.889888,0.539431
1.454065,-0.927459
-0.175477,0.125491
-1.347648,1.850570
1.630639,0.002180
-0.053172,1.742772
0.911983,-1.522821
0.656351,-0.124930
1.453338,-1.008601
-1.470778,1.472063
1.287277,-0.340412
1.666781,1.416449
-1.201281,-0.587875
-1.483785,-0.401046
0.515686,0.373020
0.417504,0.405573
-1.087549,-0.128431
1.478114,0.736974
1.997060,-1.869533
0.587544,1.627698
0.132646,-1.465629
1.370470,-0.955371
-0.988450,0.026822
0.919699,-1.535112
1.018221,1.448921
1.936951,0.305498
-0.891491,1.603732
-0.278054,-0.092772
-0.984143,0.238162
1.506181,1.531543
-1.388819,-0.076315
-0.062884,-0.476368
1.795254,-0.584770
-1.739395,1.792314
-0.454303,0.848149
1.420012,1.678344
1.382520,0.790483
-1.277027,-1.605930
-1.182696,1.642672
-1.141042,1.835525
1.091594,-1.204091
0.141023,-1.799897
-1.600359,1.862970
0.107330,-0.584502
0.101131,-0.386488
-1.052960,0.712312
1.537197,0.884156
-1.764056,1.332451
-1.700613,-1.503451
1.124765,-0.154916
1.344698,0.544777
-0.476572,0.727218
-0.664740,0.246401
1.121288,0.152564
-0.110927,1.980246
-0.011911,-1.019333
-1.223844,-1.870888
-0.819230,-0.824204
1.992082,1.288100
0.591294,0.093213
-1.098388,1.538334
-1.194475,-1.561192
0.422491,-0.958531
1.771259,0.721878
-0.461982,0.896024
-1.433038,-1.117283
-0.559199,0.090390
1.609935,0.776060
-1.663209,0.731223
-1.071376,0.225864
0.711469,0.916713
1.206531,1.487625
1.045825,-1.612699
-1.336579,1.037907
1.675401,1.254715
-0.868881,-1.422988
0.793050,-0.063356
-0.984180,-0.784459
0.978113,-1.212921
1.937418,-1.483868
1.683103,-1.495620
-0.601152,-0.876096
0.594770,-0.991217
1.899964,0.931561
1.740006,-1.171412
-0.842575,0.451475
1.745301,-1.636044
-0.060900,0.791126
-1.248743,0.602521
-0.170967,-1.573343
-0.142764,0.960152
-0.996331,-1.349714
-1.103204,0.019490
-0.134173,1.874910
0.806569,-0.196755
-1.608959,0.489672
0.307625,-0.210111
1.613576,-1.097604
0.798673,1.513540
1.833956,0.538679
-1.657871,-1.008618
-1.009846,-1.912570
-0.644663,0.929254
0.878557,0.106594
-0.468225,-1.292410
0.533251,1.389012
1.667742,1.536921
-1.960702,-1.435462
-0.443590,-0.094876
-1.560552,-1.637020
1.708369,-1.169511
0.852652,0.015994
0.620378,0.466228
0.918390,-0.580949
-0.020232,0.752346
1.957729,0.321897
1.743728,-1.052117
0.409327,-0.900935
1.877137,-0.712116
1.205660,-0.591087
-0.004527,-0.261089
-1.202076,-0.336785
-0.724168,-1.162778
0.227753,0.832242
0.742346,0.667201
1.195221,0.450715
1.497690,0.047873
-1.533290,0.118068
-1.485899,1.385099
1.537119,0.493869
0.137446,1.494848
-1.184234,-0.118826
-1.557269,1.225094
0.980239,-1.680132
-1.487023,0.185899
-0.271219,0.508450
1.924810,0.526705
-1.828335,-0.799359
1.363927,0.399418
-1.967117,0.106273
-0.933381,1.228104
-1.443012,-1.435692
-0.724022,-0.976302
0.682376,-0.209921
-1.591203,0.219495
-1.716052,0.546243
-0.285657,-0.900285
-1.572583,0.157074
-1.675192,1.407656
0.476942,-1.162215
-0.406445,-1.794277
1.346236,-0.481636
0.732429,1.517901
0.719005,0.096356
-0.082681,0.751888
-1.797371,0.983937
-0.020007,-1.240383
1.548246,1.255970
-0.216685,0.230622
-0.953951,0.192112
-1.549884,-0.670002
-1.261645,0.164459
0.429712,-0.834228
-1.678467,0.754521
-1.426572,0.798475
1.592306,0.166983
1.004199,0.938541
1.685347,-0.263373
0.456442,0.404352
1.832983,-1.626239
-0.843760,-1.964388
1.357698,1.136233
-1.204771,0.905944
0.392203,0.578544
-0.863435,1.438252
-1.229344,-0.413318
-1.231750,-0.490989
1.751141,1.197962
0.674783,-1.927326
-0.047517,1.248211
0.871149,-0.455211
-0.584807,-0.124653
-1.516670,-0.899460
1.611974,0.939772
1.504892,1.444957
1.313533,-1.338868
1.480569,0.671231
1.797365,-1.724203
-0.422825,0.189568
0.854341,0.713740
-0.372179,1.624997
-1.699578,0.396071
-0.865992,-1.948437
-0.405967,1.808791
-1.875763,1.546516
1.057001,0.995386
-0.908695,-1.527805
-1.129267,-0.425365
-0.427265,-1.517293
-1.485593,-0.922373
1.927665,1.827940
-0.261241,1.408234
0.499172,-0.463876
1.684031,-1.923653
1.725692,0.538372
0.790087,-0.646487
0.163369,1.090509
1.749584,1.297376
1.142072,-0.656383
1.106167,1.266309
-1.109867,0.163168
0.261694,-0.018562
0.635363,1.132427
1.556073,-1.791902
1.615135,-1.929520
-0.714274,1.542800
1.898421,1.024485
0.951033,0.397592
-1.439391,0.635064
0.473939,-1.713698
-0.826564,-0.735974
-0.360185,1.336805
-1.645465,-0.610601
0.634181,1.496607
0.733016,-0.259652
0.762916,1.623149
1.903517,-0.975390
-0.395414,0.538880
-1.842962,-0.839341
0.746979,1.772172
-0.768861,-1.967296
1.314972,-0.870440
1.057189,0.266005
1.527152,1.617799
-1.098931,0.001091
1.904101,0.074506
1.265116,-0.456084
-0.588689,1.619651
0.933315,-1.954508
1.116258,-0.333670
-0.214160,-0.120826
-0.710521,-0.310643
0.903784,0.894065
-1.771763,1.060822
-1.945276,0.975216
0.832994,-0.714137
1.007920,0.147966
0.415423,0.065109
-1.586028,-0.057425
-0.317092,-0.684959
1.943665,-0.412991
1.389547,1.208781
1.130924,-1.199143
0.828433,0.064239
-1.153651,-0.055309
1.730570,0.632190
1.823865,-0.979951
-1.678453,0.727649
1.914114,-1.450216
-0.211530,1.968838
1.525000,-1.378535
-0.745298,0.532920
0.769431,1.670125
-1.401971,1.183402
-0.387301,0.280937
-1.501557,-0.443636
1.867946,1.887990
-1.234854,0.998870
-1.311153,1.593578
-0.936891,-0.464804
-0.461731,-1.206321
-1.832614,-0.637867
-0.186273,-1.511067
-1.910218,-0.272159
-0.961283,-0.121748
-0.303320,-1.436283
0.499717,0.951381
1.096636,-0.730852
0.621506,1.694665
-1.547450,-1.765795
-0.024398,-1.049006
-0.209431,-0.156452
-1.161016,0.555715
-1.157582,-0.472169
0.149293,-0.094473
1.063027,1.687562
0.699206,1.230413
-0.950305,-1.487067
1.719346,-0.860523
0.240774,-1.241937
1.017730,1.937454
-0.678220,-0.482553
0.888835,-1.581584
0.786595,-0.489659
-1.886919,1.239145
-0.255454,0.088683
-1.809861,1.535115
1.932231,-0.970877
0.090830,-1.225351
0.556953,-1.759877
0.680175,-0.380019
1.927685,-0.620619
-1.149606,-1.022620
-0.107686,-1.430260
0.116858,-1.866912
-0.672196,-0.865413
-1.929458,0.649584
0.652034,0.959377
1.068000,-0.561371
-1.530282,1.181081
-1.322225,0.214264
-0.730236,-1.132086
-0.250621,-0.798005
-0.102964,1.840209
-0.023356,-1.546010
-1.919668,-1.343181
0.073970,-1.991983
0.036200,0.924364
-1.014603,1.928514
1.494105,1.102255
-1.938397,-1.178091
-1.763158,-1.867855
1.471492,0.888877
1.091522,0.539492
-1.672494,1.561241
-0.279427,-0.994720
-0.224495,0.990337
-0.126806,1.524884
-1.807667,1.770230
1.365093,0.168977
-1.775780,1.445425
0.825796,0.298190
1.453442,-1.138004
-0.777446,-1.561161
-1.209489,-1.283341
1.541094,-1.147886
-0.461432,1.777936
-1.015741,-0.989940
0.666813,-1.924219
1.549552,0.994318
1.637021,-0.729875
1.999599,-0.587474
-1.739538,-0.127207
-1.062590,-1.547205
-0.356977,-1.697497
0.621771,-0.132757
1.747929,-0.552433
-1.834567,1.201371
0.309564,-0.612013
1.640211,1.100075
0.104646,1.181305
1.952188,1.643214
0.959241,-1.063553
-1.346726,-0.373947
-0.987773,-1.797174
-1.379628,-1.350751
-0.527049,-1.380029
0.061775,-0.266587
0.492764,0.999185
0.186208,-1.864213
1.301688,-1.192021
0.003029,1.049617
0.255547,0.168462
0.250989,-1.434890
1.556449,-0.108801
1.665185,-0.338905
-0.927496,1.617373
-0.695691,-1.968255
-1.446180,-0.042417
-0.342201,-0.433953
0.160410,0.278170
0.215296,1.633361
0.898141,-1.722929
-0.633226,-0.609095
1.276256,1.552983
-0.473308,0.577944
-1.639038,1.529721
-0.372439,0.616509
-0.301817,1.878550
1.181619,-0.745368
-0.230251,0.846804
0.915727,0.842253
0.464177,-1.779964
0.873999,1.017996
0.177619,-1.468203
-1.415957,-1.661971
0.809968,0.799339
1.971390,-0.291891
1.076410,-0.661835
1.099014,0.352666
-1.108853,-1.374294
-1.069391,-0.747891
-1.844573,0.558171
1.868618,-0.146390
0.436720,1.050237
1.108241,-1.793530
-0.102959,0.023968
1.048723,-1.638783
0.244004,-0.077278
1.379214,-1.578376
0.454519,1.963257
-1.240347,-0.735514
0.762597,-1.268957
0.972595,-0.160993
0.069208,0.071609
-1.808328,0.960355
0.697315,-0.877718
-1.787536,0.852742
1.680452,-1.918918
-1.293649,0.117173
1.131319,1.814592
0.323642,-0.971640
-0.161439,-0.627634
-0.610423,-1.917435
1.295087,-1.231209
-1.495812,-0.250394
-1.267951,-0.736159
1.014092,1.494645
-0.005116,-0.013312
-0.666348,-1.935908
-1.941703,-0.474676
1.024447,0.755612
0.647606,1.236911
-0.391647,0.328058
1.317993,0.314705
-1.554769,0.449312
0.129297,0.768873
1.477672,1.967858
-1.858761,-1.132750
-1.949578,1.436326
-0.363959,-1.445389
-0.814068,0.368090
-0.181548,-1.799976
-0.137265,1.813336
0.186712,1.196387
1.877427,0.245009
-1.278290,0.901874
-0.999379,1.369316
0.138785,0.608974
-0.302626,-0.543222
-1.076321,0.142605
1.906091,1.052976
-1.088522,1.383763
1.020833,-0.947284
-1.748987,1.071255
-1.510958,-0.112946
1.625866,-0.325026
-1.744856,-0.555682
-0.125002,0.117879
-0.742347,-1.938290
-0.685735,-0.864919
0.306719,0.035976
-1.963045,1.307340
-0.594708,0.175740
-0.083686,1.102666
1.632519,0.839993
-0.754730,1.538609
-0.107032,0.156748
0.922373,-1.086199
1.209464,1.173386
1.985057,1.698507
-0.939560,1.610923
-0.626519,-0.684416
-0.944760,1.248479
1.433463,0.312894
1.310190,-1.252272
1.447975,-0.383091
0.783704,1.484930
-1.075751,-1.811004
-0.339330,0.840563
1.291662,-0.706812
-0.319444,-1.463068
-1.168202,1.573524
0.693680,1.754170
-1.512675,-0.096855
0.927556,-1.527619
-0.398349,1.987996
-1.916696,0.975132
-0.696420,-0.861456
0.223612,-1.262957
1.451438,-0.466198
-0.515229,0.899413
1.150711,-1.731525
0.384342,-1.925040
-1.542529,-1.954988
0.915523,1.749132
-0.661799,-1.403922
-1.713936,0.169998
-1.830398,0.979744
-0.075832,-1.343073
-1.117111,-1.148275
-0.870692,0.484540
-1.160279,-0.787388
-0.540327,0.143301
0.351157,1.683284
0.880343,-0.197405
-0.782914,-1.634886
-1.297992,-1.632203
-1.366411,1.086350
-1.557243,-0.908940
1.131362,1.358280
-1.159808,-1.530437
1.954358,-0.873743
0.639561,-1.876040
-1.893999,-1.436271
-1.219113,-1.011110
-0.584546,-0.089805
1.473430,0.255175
1.122808,-1.066897
-1.601525,-0.526036
-1.383613,1.278818
1.276559,-0.166527
1.643933,1.978567
0.201270,-1.722478
1.064917,0.644027
-0.631418,0.196279
0.002307,0.208774
0.665842,-0.043335
1.335031,-0.694597
0.080625,1.441033
-0.130867,0.861512
-1.570077,1.284587
-1.228293,1.903353
-0.460239,1.894515
-1.163544,-0.061764
-0.631520,-0.547156
-0.782945,-1.354961
1.286317,-1.139013
-1.376394,-0.512412
-0.861491,1.688523
-1.868385,0.507091
-0.115197,0.133921
-1.284134,-1.449355
-1.909414,-1.949103
-0.143952,0.171211
1.491929,1.725181
-0.967277,1.921852
1.009767,-0.195570
1.825206,-1.450472
-0.301055,-1.338338
0.487765,1.067425
0.114506,1.704819
1.712464,-0.599177
-1.434194,-1.663930
0.888411,-0.295685
-1.975407,1.020025
-1.788593,-0.090604
-0.846053,-1.072728
0.460041,-0.755468
-1.021831,-1.683911
1.415743,-1.529902
-1.958730,-1.551534
-1.608049,1.051038
0.252896,-1.782843
1.600566,1.951842
-1.121181,0.088331
1.019267,0.993325
-0.206850,0.731731
-1.605852,0.358956
1.067801,1.282559
-1.936729,1.092394
0.302585,-1.725322
-0.998210,1.456531
-0.798050,1.461832
-1.298936,0.180119
1.777921,-1.883193
0.650217,1.819191
-1.434727,1.042168
0.870229,0.818169
1.259324,0.470795
0.770011,-1.861857
-1.440875,-0.210723
1.131468,0.352275
-1.478992,1.525616
-1.288769,1.588809
0.808175,-1.225498
0.681203,-0.889240
-0.950820,1.682993
-1.432709,0.251130
1.144825,-0.731645
-1.568751,0.922746
-0.614838,1.081466
0.741937,-0.049565
0.123634,-0.387834
-1.231396,-0.617042
-1.917039,1.538615
-0.478899,-1.357914
-0.672108,-1.347431
0.994361,-0.151100
-1.821815,1.705592
-0.562291,0.986361
-1.519906,-1.881088
-1.902879,-0.470726
1.801905,-1.335588
1.780404,0.946730
-0.067234,-1.788347
-0.130524,1.317928
1.293118,-1.388587
-0.731637,-0.583248
0.223579,0.036966
0.799710,0.306540
-0.424419,-1.679188
0.948627,0.903473
-1.026619,-0.057012
-1.247627,-0.848434
-0.351420,0.190082
-1.862073,0.128674
0.308994,-1.764952
1.657949,0.110898
-1.100541,1.438353
-0.942372,0.832225
1.650005,0.927103
0.150153,0.943124
1.538516,1.418516
-1.640124,-0.237905
-0.544518,1.159586
-1.931365,1.031063
1.480398,1.017262
-0.065463,-1.546221
-1.039750,0.686910
-0.394655,0.608830
-1.123008,-0.256728
-1.262496,1.185986
-0.021680,-1.604547
-0.703116,0.877779
1.833806,0.354512
-0.289996,1.483811
-0.718384,1.860158
0.426935,-1.179868
1.278674,0.786811
0.582228,-1.265844
-0.053602,0.650863
1.765219,-0.573204
-0.331875,-0.300244
-0.119426,0.628375
-1.613334,1.485920
-0.762795,-0.736342
-0.770808,-0.025291
-1.550356,1.207511
0.370163,-0.253471
0.085290,0.203968
-1.898959,1.795295
-0.312220,-0.617343
1.655452,-1.885285
0.202789,0.934126
0.901526,-1.214983
1.668282,-1.152076
1.435880,1.433501
0.274720,-0.895995
-0.866743,-1.844706
1.732380,-0.480076
1.641214,-1.030415
0.783582,-1.129594
0.944294,1.233227
-1.922083,-0.685544
-1.020244,0.163207
1.518425,-0.919203
-0.041498,-0.793795
0.463454,-0.386046
-0.679080,-1.333757
-1.451920,-1.777554
-0.548740,-1.783638
-0.929630,-1.112860
1.649863,1.345090
-0.008855,-1.216879
1.500384,-0.276476
0.303044,1.141598
0.693109,-0.913374
-1.987997,-0.362597
-1.680147,-1.910080
0.951859,-0.700392
0.253128,0.470284
0.380405,-1.788371
1.676489,-1.156141
-0.174417,-1.002591
-0.489897,0.373663
-0.780145,0.961363
0.590025,0.290225
1.848503,0.239888
-0.364685,-0.160353
1.023009,-0.864301
1.563172,-0.673947
-1.722704,0.256281
0.412679,-1.710700
1.893683,0.732532
-1.620780,0.845543
-1.967859,0.632348
-0.684173,0.412546
0.843977,-1.007685
1.256405,-1.330440
-0.010276,-1.233493
1.043224,1.209579
1.727870,-0.366751
-0.500196,1.576373
1.873137,1.135118
-0.583980,0.896146
-1.729183,-1.020808
-1.777801,-1.451886
1.235473,0.634879
-1.162587,1.129156
-0.632589,-0.783367
-0.025302,-0.600449
1.848981,1.290525
1.812097,0.692958
-1.717160,1.068502
1.362518,0.272564
1.835009,0.405742
-0.517857,1.562879
-1.961009,0.981946
1.139252,1.912128
0.117064,-1.444728
0.808274,0.387881
-0.465536,1.030473
0.935995,-1.230063
-0.334648,1.773408
1.899093,1.032763
-1.009958,-0.126209
-1.567686,-1.160977
-0.835684,-1.755589
1.531981,-0.552844
1.312913,0.894499
1.719720,1.147922
-0.699759,-0.798137
0.710801,-0.660769
-1.816191,-0.149947
-0.748640,0.300873
0.405325,-1.940366
-1.311246,1.939790
1.090107,1.624750
-1.290274,-1.244541
1.398158,-1.391181
1.788222,-1.611800
0.482610,-1.779464
-0.772777,1.646926
-1.535053,-1.240797
-0.905918,1.777859
1.653702,-1.186198
0.925781,-1.046057
0.015665,-0.363418
0.293174,0.199473
1.486635,1.544534
-1.499654,-0.108040
1.604167,-0.810899
-0.168250,0.694275
-1.186150,0.541476
1.449734,-1.787992
1.150295,1.237956
-1.399792,-0.367095
1.458491,-0.172569
-0.720169,1.923438
0.586634,0.373913
1.701297,0.240336
1.187715,0.627078
1.194278,-0.796621
-1.736340,-0.512548
1.402852,1.750294
-0.968014,1.903198
-0.357745,-1.363847
-0.907701,1.474004
1.330428,-0.093851
0.015480,0.780162
0.118157,-0.834225
0.018117,0.718365
0.798680,-0.523391
-1.454205,-1.921489
-0.599953,1.132429
0.452423,-0.898656
-0.627235,-0.359862
1.728422,-1.432957
0.843517,1.992081
0.054496,0.246369
1.742376,1.086482
0.149567,-0.615370
1.722635,1.241866
-1.141365,1.053063
-0.851985,0.874115
-0.166776,1.266172
-1.960110,1.851342
-0.015463,0.838570
-0.672050,0.530332
0.917081,0.727997
-0.337239,-0.630496
1.829341,1.035526
1.009642,1.557762
1.602569,-0.146841
1.549844,-0.342935
-1.900472,1.292220
-1.256453,0.249095
-1.323150,-1.533818
-0.509039,-0.464515
1.519244,0.638976
-1.590400,-0.647531
-0.094853,-1.550510
-0.796190,1.889684
1.288061,0.531760
0.420016,0.205142
-0.740243,-1.917223
1.574646,-0.910902
1.118303,0.584288
-1.353140,0.720873
-1.562553,-1.803296
-1.622062,-1.463025
1.488924,-0.878516
0.786070,-1.834226
-0.412334,-1.722970
-0.298741,-0.893090
0.916006,0.110859
0.459379,-1.178847
0.560349,1.663189
-1.289163,-0.151590
0.194949,1.130853
-1.946448,1.454706
1.213630,1.628198
-1.456196,0.331933
0.212486,-0.809335
-0.947194,0.649933
-0.612631,-0.569256
1.186908,-1.123707
0.552228,-0.027022
-0.957934,-1.860106
0.250008,0.743325
-0.753196,-0.833986
-1.145816,1.706183
-0.012832,1.414533
1.369372,0.698005
-0.737057,-0.435679
-0.171142,-0.683505
-0.980973,-0.957512
-1.055307,-0.437169
1.374421,1.157179
0.753496,-1.572773
-0.192887,-1.859135
-0.142029,-1.005979
-0.982843,-1.589801
0.966998,0.059223
-1.449907,-0.782994
-1.197452,-0.203103
0.383021,-0.343268
-0.496920,-1.629812
-0.928736,-1.127549
1.068193,0.334207
0.436772,-1.102949
1.650702,1.455799
-0.060461,-1.404606
-0.981370,-0.686039
1.752574,1.772126
-0.258812,-0.440314
1.912990,1.599159
0.553707,-1.069853
-1.990642,-0.479295
0.989371,-1.440550
0.737711,1.791919
0.356347,-0.879268
-0.551349,1.859427
-0.509079,0.519915
-1.268122,-1.440886
-1.145878,1.168650
-0.543835,-1.495176
0.624448,1.395705
-0.899782,1.643078
-1.290335,-1.147208
1.415204,0.450853
0.412478,1.328194
0.050012,-1.033816
-1.741658,0.059370
0.486889,1.247712
0.618820,-0.775399
1.039631,-1.024833
0.345333,-1.511718
-1.165407,1.836254
1.008197,-0.433529
-1.604632,1.862319
-1.264880,-0.148467
-1.632857,1.359569
-0.752763,-0.532639
1.002647,-0.043098
0.320153,0.417851
-1.592244,-1.267370
-0.253955,0.457768
-0.301185,0.004386
-1.482863,-1.814296
-0.747901,1.135957
-0.589695,-1.708270
-1.888876,1.755638
-1.219988,-1.054283
1.591892,1.788209
0.512188,1.987260
1.650528,1.247308
-0.161208,-1.982329
0.606877,1.086029
-0.514968,-0.390477
-0.957068,1.805185
-1.972626,-0.549312
-1.462185,-0.226581
1.908455,0.236630
1.777805,-1.574408
0.422334,-0.970096
1.561549,1.832639
-0.678367,1.672673
1.588278,0.101645
-1.381611,1.180170
-0.110146,1.130577
1.167429,-0.459618
0.377885,-0.993779
-0.441946,-1.015239
-1.907749,1.043086
0.594285,-0.864817
0.848271,0.621659
0.585870,1.386086
-1.604923,0.494325
-0.377284,-1.827118
0.919918,-1.954950
-0.797214,0.481467
1.877689,0.524419
0.154140,1.465967
-1.373935,0.772529
0.646136,0.515919
-0.096894,-0.186435
-1.943699,-1.719009
0.819787,-0.385645
-0.734248,0.912037
-1.342559,1.860037
-1.952780,1.505711
0.481696,0.633090
0.891797,0.876773
-0.872585,-1.485487
1.049655,-1.952667
-1.440437,-1.747559
0.528800,-1.562748
0.776860,-1.317061
1.903219,1.402925
1.455468,0.549355
-0.081156,-0.641425
-1.637079,-0.024855
-0.360435,1.182707
1.589500,0.905318
0.094745,-1.753059
0.765355,0.141965
1.752652,-0.752949
-1.224945,0.644450
-1.876177,-0.097530
1.158963,1.173479
-0.050197,1.718526
1.425920,-1.521398
-1.844222,0.202780
-0.838458,-1.941004
-0.394295,-1.382990
0.608352,1.524549
-0.024415,0.971272
-0.500306,1.615150
0.153979,-0.910806
0.520468,-1.751276
-0.663865,-0.714177
0.390688,-0.911213
0.532874,1.165743
1.733237,0.656697
-0.931787,0.892200
-0.169824,1.018015
0.610725,-0.743905
1.496618,0.766503
1.458875,-1.341840
0.825499,-0.935420
-0.724830,-0.566149
-1.410871,1.250755
-1.594877,0.088823
0.865905,0.559102
1.178017,-0.613626
0.807826,-1.485849
0.672197,-0.801485
-0.397062,-0.794930
-1.635742,-0.663825
1.861767,-0.567530
-1.771625,-0.308057
-1.549514,0.839100
0.948038,1.947104
-0.394397,0.406914
-1.394737,-1.568898
1.471494,-0.119566
-0.135047,-1.939377
-0.868811,0.270076
0.149445,1.997094
-1.170822,-0.672538
-0.616532,1.637004
-0.158387,-1.944336
-1.164481,1.444552
-0.739266,-0.800224
-1.219273,-0.877498
0.632247,-0.990898
0.814444,1.082732
1.848202,-0.237517
1.029836,-0.546195
-1.830604,1.635099
-0.115093,1.640890
-0.484467,1.749860
1.701513,0.646721
0.019936,-0.149042
0.643815,0.849114
1.178420,-1.972717
0.486118,-0.979967
-1.917053,1.321637
-1.535415,-0.656319
-1.478587,-0.754688
0.466183,1.153660
0.254414,-0.719373
0.236392,0.102616
1.043110,-0.733772
1.556421,1.212506
-1.098673,-0.558673
0.853396,0.416860
-0.808813,0.554909
-0.936419,1.211122
-1.594133,1.707397
0.060236,1.584287
1.734680,-1.453646
-1.395679,1.817627
1.867991,-0.931094
-0.838692,-1.610596
0.314218,1.627491
1.543064,-1.431368
-1.091881,-0.220544
0.671248,1.951229
1.045684,0.227668
1.163735,1.947012
1.668995,0.017131
0.363872,-1.139818
-1.427960,1.427453
-1.928695,-1.022093
1.134850,0.131541
-1.437806,0.869530
0.677895,-0.833485
0.687157,0.545886
0.235420,1.848465
0.935290,-1.450362
1.475957,0.478354
-0.881730,-1.615925
-1.742189,1.789517
-1.664696,1.303495
0.017185,1.499039
1.250507,-0.313819
-0.483830,-0.385621
0.546363,0.088210
-0.958168,0.617668
1.066117,-1.823318
-1.250791,1.628312
1.046212,1.427104
-1.205174,-0.266631
-0.027010,1.030247
-0.418166,-1.091720
1.579885,-0.942210
1.386634,-1.301845
-0.558134,1.644445
-1.512328,-0.222830
0.947941,0.504857
-0.723791,0.198448
-1.808962,0.792380
1.812826,0.737401
-1.119410,-1.145342
-0.644931,1.946707
-0.968660,0.104277
1.575019,-1.922448
-0.468619,-1.630155
-0.189079,1.504370
1.400092,1.392755
-1.587350,0.979977
-1.549455,1.799284
1.678132,-0.107589
1.443730,-1.834196
1.669581,0.391670
0.670661,-1.054209
-1.409882,0.861699
1.738170,-1.597056
-0.400900,-1.381240
-0.742397,0.954169
-1.434532,0.288943
-0.941554,-1.859513
0.366495,0.589826
-1.489668,-1.822584
0.094196,1.910424
1.570171,0.506846
0.890402,-1.979284
0.306131,0.568533
-0.086873,-0.250140
0.734337,-0.417292
-1.858470,-0.595001
0.528498,-1.268352
-1.733302,0.266669
-0.865408,-0.134202
0.885429,0.392195
-1.180034,1.450897
-1.318862,-0.121588
1.591383,1.047633
-1.531762,-1.898285
1.225049,0.562435
-1.987860,0.795220
-0.930719,0.902541
0.815936,1.375412
-0.528925,-1.270937
-0.874728,-1.794588
0.311770,-0.733197
-0.389589,-1.159731
-0.001549,-0.122892
1.106938,1.133043
1.742906,-0.007633
-0.474762,-1.437127
-0.556737,0.206376
0.441285,-0.965354
-0.745990,0.909523
-0.863638,-1.520941
-0.528042,-0.851498
1.274279,0.541239
-1.948957,0.090215
-0.083349,-0.477882
0.819277,1.041924
-0.272470,-0.868952
-1.691273,1.337941
-0.028683,0.307178
-0.784951,-0.921746
-0.559779,-1.042045
1.070621,0.965460
-0.479172,-1.486116
-0.828164,1.962113
-0.451470,0.425846
0.871636,0.684892
0.904905,-1.656406
1.833394,0.179184
0.884833,1.884436
-1.730601,-1.198515
-0.593446,1.088676
1.843409,1.134084
-1.780276,-1.847865
0.472025,0.191040
0.459313,1.687074
1.269295,1.899535
-1.354971,0.339916
0.864995,0.165857
0.853800,-1.963169
0.127970,-1.597670
0.462677,-1.000394
1.087222,-0.632418
-0.656800,0.920616
1.546765,-1.771967
0.805052,1.816164
-0.970482,-1.788393
0.904840,-1.127073
1.345691,1.124564
-0.974938,-0.182284
-0.684396,1.484375
-0.495210,-1.415101
1.383910,0.149819
0.924815,0.248905
-1.684324,-0.221385
0.285736,0.443646
0.180945,-1.251588
1.443252,-0.731833
0.115994,-1.213548
-1.811217,-0.337241
-0.985515,0.993835
-0.521077,0.044003
1.205442,-1.616237
0.916930,0.551132
1.508326,1.941992
-1.631152,-1.176069
1.426367,-0.126362
-0.591171,0.810277
-1.976543,-1.666356
-0.940818,-1.660866
0.112259,1.344918
0.782780,-1.706796
-1.906670,0.226032
-0.438629,0.209323
1.012484,-0.249846
1.872082,-1.973030
-1.256011,-0.648995
0.070973,1.949431
-0.265232,-1.012097
0.500563,-0.756905
-1.070106,0.869411
0.067025,-1.643739
-1.256950,1.475855
1.166539,-1.233493
1.809499,-1.774279
-0.894360,-0.078242
1.570638,1.888420
0.214962,1.663968
0.114452,1.776333
-0.126708,-0.873063
-0.473513,-0.254626
-0.846094,0.270476
1.096380,1.224879
0.219907,-1.168852
-1.787218,-1.279530
0.074243,-0.857324
1.589881,-1.858732
-0.501062,-1.667069
1.617123,-1.334524
-0.900562,1.426622
-1.108803,0.205078
-0.651620,-1.538165
0.093498,1.563342
-1.874196,-1.792050
1.339675,-0.000905
-0.665113,-1.133838
1.744469,0.488794
1.136638,0.840849
-0.286327,-0.643455
1.671997,-0.073545
0.077015,-0.253760
1.069131,-0.333103
-0.112492,-1.431932
-0.000173,-0.495369
-0.766455,1.099265
-1.068747,0.124742
-0.695657,0.279634
0.586577,1.397841
-0.157024,0.712381
1.605791,-0.817348
-1.288524,-1.059322
0.048814,-1.544055
1.429472,-0.814548
1.296794,-0.856855
0.541998,0.968791
1.069600,-1.380987
-1.284970,0.138731
0.285909,0.602538
0.706799,-1.714263
-1.892831,1.940344
1.385002,-0.961578
0.065085,-1.310656
1.318056,-1.348337
-1.912815,-0.838968
1.364043,1.692976
0.343684,-1.924481
-1.366345,-1.607502
-1.468536,-1.936874
-0.422050,1.828258
-0.793729,-1.880052
0.797049,-1.724129
-1.261039,1.512080
0.414601,1.024870
0.114618,-0.878600
1.310606,0.221787
-0.938256,0.695608
1.260210,1.126829
1.384952,0.578266
1.778492,1.472138
1.739298,1.142535
1.165114,0.082982
1.218055,1.798768
0.475480,1.749519
1.861895,-1.946570
1.577777,-0.931834
-1.826622,0.374827
-0.655963,-1.087662
-0.113094,1.758638
1.937208,-1.998476
-1.119962,1.247814
0.223311,-0.058218
-0.056578,-0.516479
-0.931388,-0.671625
-1.938213,-1.152896
-1.199488,1.801085
1.989639,1.965626
-0.115933,1.207693
1.764395,-1.640454
0.957212,1.626289
-1.587024,0.534990
-1.305545,-1.413646
-1.090184,0.038492
-0.501308,0.796723
-0.202870,-0.564100
0.798247,0.677168
-1.316285,-0.978442
-1.381050,0.627137
0.505079,-0.312438
1.955512,0.566866
0.534665,-1.243976
0.367951,0.524304
-1.278350,-1.747983
-0.268003,-1.513955
-1.388437,-1.310790
-1.887666,-0.975460
1.224199,-1.193211
-0.389106,-1.865984
0.845281,1.109586
0.930738,-1.357589
-1.454513,-0.271015
1.319579,-0.770799
0.750544,1.938529
1.856338,-0.744377
-0.373909,1.811850
1.822489,-1.839243
-1.432126,0.190439
0.685061,-0.710476
0.442457,-1.582942
-0.224431,1.054020
-0.893732,-0.112097
-1.921440,-1.669533
0.694692,-0.310547
-1.535517,-0.460026
-1.200961,1.395221
0.182385,-0.655474
-0.875793,-0.498036
0.573727,1.874750
-0.559507,0.430066
-0.869627,1.066585
0.241916,-1.047138
1.227341,0.809790
1.143301,-0.087598
-1.900685,-0.414242
0.329461,-0.125116
-1.360222,1.435728
1.762787,-1.281663
1.766196,0.457479
0.407791,-1.769322
1.997453,1.206830
1.625900,0.179838
-1.448644,-1.249894
1.681801,1.125083
-1.375144,-0.877705
-0.444852,-0.244771
-1.811121,1.797064
0.708091,1.416221
0.606854,-0.148607
-0.671377,0.706169
1.437150,1.658084
-1.418947,-1.923072
1.093812,-1.656161
-1.204735,0.860008
0.801319,1.203056
1.090686,0.798772
0.409886,0.716586
-1.021391,0.961241
1.466692,-1.339590
0.086324,-1.908452
-0.217295,1.641473
-0.153223,-0.028415
1.438537,-1.445131
-0.612195,0.045391
0.406261,0.716428
-1.248440,-0.156588
0.374512,-0.667387
-0.079660,-0.531676
-0.323548,0.715605
-1.671669,-1.522229
-0.081339,1.419017
1.276542,-1.671453
0.135603,-1.744848
1.289788,-0.397705
-1.084438,-0.623888
-0.306157,0.698267
-0.982415,1.540620
-1.330148,-1.543879
-1.904512,0.057657
0.501513,0.501750
-1.225915,1.253073
-1.654839,1.148597
-1.414315,0.265501
-1.383079,0.262137
-1.018894,-1.054747
0.739908,0.899767
-1.635730,0.016450
1.228313,0.499873
0.271602,0.518101
-1.897833,1.187164
1.894213,-0.203990
-0.114569,-1.088202
-0.663370,0.555283
-0.632080,-0.567882
-1.387060,1.869432
1.933868,-0.612975
1.122505,-1.720971
-1.464377,1.708190
0.544529,-0.847456
-0.029673,1.525635
0.097796,-1.289765
0.425402,0.462066
0.726685,-0.346285
-1.038061,-1.001713
-1.828184,-0.935893
-1.814549,-1.933970
0.860117,0.070883
-1.022172,-1.803254
-1.373834,0.345747
-0.371135,-0.760894
0.215180,-0.437268
0.626131,-0.662316
-0.158239,1.161754
-0.954126,-1.613710
-1.685703,1.016201
1.911925,0.412093
1.726436,0.337327
-1.125840,0.453121
1.991042,-0.163901
1.451409,-1.837142
0.900205,1.636860
-1.771112,-0.239678
-0.292257,-0.793284
-0.042932,0.333909
1.552463,1.585933
1.573014,-0.232357
-0.851335,0.199145
1.105327,0.990426
-0.639101,-1.848799
1.376716,-0.324804
1.167402,1.288641
-1.912710,0.893838
-0.374032,-1.038551
-0.653041,-0.382990
0.797548,-1.201632
-0.220132,-0.302247
-1.564772,0.008756
1.458075,0.142971
1.215472,-0.584857
-1.523120,0.767936
-0.998924,-1.950106
-1.464422,0.149741
0.249039,1.640905
-0.859833,1.609938
1.792106,-1.483117
-0.714866,0.959508
1.805524,-0.627576
-0.146654,-0.568507
0.333873,1.200305
1.048503,-0.868579
1.998673,-1.171629
0.829174,-1.566099
0.837128,0.287250
0.576872,0.052600
1.702393,1.053752
-1.179464,-1.296531
1.103646,-0.643886
0.853210,-0.647315
-1.002981,1.993377
-1.037376,-1.210875
-1.489740,0.247758
1.748633,-1.684216
1.620182,-0.398021
-0.252724,-0.045945
-1.197716,-1.204221
1.085476,-1.199044
-0.375850,-0.085349
-0.765143,-1.538722
-1.798100,1.811729
0.513878,1.904293
0.865481,1.334414
-1.392238,-0.030873
-1.309472,1.460972
1.321812,-0.312453
1.454349,-1.715564
0.476673,1.964609
0.532194,0.225306
-1.719607,0.152376
1.827285,0.027669
-1.893569,-1.370431
0.823449,1.191907
-0.569475,-1.552401
-0.893443,0.665382
-1.091123,-0.691542
0.477111,1.422756
-0.787249,-0.657408
0.757170,-0.179487
1.311718,1.447698
-0.718515,0.633531
-0.864755,-1.264165
0.917966,1.611918
-1.299557,-0.549840
-0.162776,-1.019164
1.602536,-0.335490
1.008506,1.708966
0.294078,-0.168046
0.900873,1.724603
0.279553,-1.992570
0.389985,1.188430
-0.684112,-1.132904
0.611186,0.528638
0.209688,-0.631645
-1.650849,-0.478594
-1.183947,-0.369363
-1.845063,-0.048702
0.366471,1.072903
-0.436784,1.066915
-1.476937,1.400441
-1.952249,-1.874401
-0.935050,1.056257
1.834565,1.359029
-1.111789,0.735438
1.083632,1.167764
0.742868,-0.526382
0.356195,-1.941244
0.340714,-1.032620
0.587394,-1.449598
0.335736,0.936546
0.071808,1.151789
-1.432818,0.226745
-0.896913,0.933654
-0.700352,0.666304
0.000569,-0.177288
0.066744,0.048320
-0.051689,1.131695
-0.895423,-0.217124
0.490724,-0.007212
-1.481686,-0.425644
-0.839448,1.261182
1.047974,1.516746
1.319938,-0.611312
-1.515873,-0.092668
-0.060910,0.819863
-1.156122,-1.989102
-0.028348,-0.588940
0.237643,1.074739
-1.655286,1.537291
-0.258957,0.345283
-0.639997,1.807787
-1.606397,1.308314
0.939482,-0.501820
-0.908810,-0.569794
1.490967,-0.390496
1.004562,-1.348481
-1.129314,0.052536
-1.831734,-1.809376
1.441224,-1.347607
0.097957,-0.619687
1.472256,0.941835
-0.608789,-0.556092
-1.647105,1.628854
-1.481353,-1.302391
1.166145,0.259690
1.042892,-1.473852
0.067477,1.436495
1.834462,-0.993041
-1.065326,-1.074348
0.437165,-1.574358
0.535157,-0.558273
-0.922839,1.405843
1.494263,-0.754573
1.596467,0.935487
-0.102180,-0.305576
-1.684200,-0.629925
-1.363742,-0.292989
0.813983,-1.010847
-0.664136,1.332630
-0.313238,-1.497990
-0.407681,-1.270346
-0.971842,1.659796
-1.833851,-1.137380
-1.333244,-0.899176
-0.211727,1.103921
-0.473535,-1.676571
-1.454352,0.603627
1.729272,-1.960088
1.849054,1.325739
0.975399,-0.253127
-0.979837,1.291199
1.116949,-0.343579
-1.001791,-0.069069
0.645574,0.334074
-0.736439,-1.667663
0.836083,0.855880
-0.938009,1.864241
0.515677,-0.771860
-1.273139,1.182432
0.328964,0.515134
0.286353,1.855429
0.838563,0.832001
0.459056,0.567835
0.871913,0.308109
-0.106426,-0.152688
-1.945017,0.913737
-0.861490,1.171931
-1.429842,0.136720
-0.897137,1.215732
-1.529206,0.366424
1.548069,1.306877
-0.777696,-1.389940
1.171118,1.737980
-0.161800,1.897980
0.920413,-1.832836
0.413114,-0.793234
-1.977407,-0.748323
-1.961233,0.481649
1.819511,0.910680
-1.210242,-0.286915
-1.242008,-1.155259
-1.373178,-0.103498
-1.983328,-0.803021
-1.966778,-0.880465
-1.587289,-1.495984
1.485959,1.960780
1.810893,-1.291737
-1.429160,0.982011
-1.553757,0.409040
0.879991,1.366656
0.576204,-0.706895
-1.426579,0.598797
0.544781,-1.387812
-0.919554,0.364293
1.522868,-0.129795
-1.922622,-1.719140
0.714946,-1.295801
0.177362,0.731618
-0.098821,0.210584
1.851153,0.313890
0.714600,1.337112
0.274670,0.525493
-1.954626,0.845510
-0.492496,-1.508383
-0.745450,-1.612505
1.858273,1.830754
-0.319400,-1.568306
0.429552,-1.774619
-0.956118,1.509998
0.589674,-1.433250
-0.619798,0.667051
-1.152390,-1.904852
1.371251,1.024972
0.826766,-0.727571
-0.764445,0.677919
1.586319,1.950155
0.015031,-0.139011
0.475648,0.060405
-1.293500,1.983152
0.552022,-0.038950
-1.629353,0.410295
-0.208195,0.051247
0.841989,-1.778644
0.276629,1.885871
1.731354,-1.133698
-1.547379,-0.888444
1.533354,-0.699769
-0.793296,0.904604
-1.674798,-1.966530
-1.822967,-0.439242
0.711388,1.763352
-0.489087,-1.273581
-0.375658,1.986561
0.786824,0.330841
1.969713,-0.661154
-1.708109,-1.659640
1.749141,0.083696
0.391607,0.591130
0.305052,-1.331764
0.477001,0.036406
-0.465462,0.929622
1.147962,-0.932108
-1.770147,-1.645334
1.972496,-1.444945
-1.611865,-1.850471
0.115812,1.099524
1.912882,1.626725
1.825943,-0.462777
1.613286,0.612767
1.868065,1.582998
1.951612,-1.840044
1.923358,1.700753
0.243652,0.314965
0.291883,-1.451296
0.983201,-1.231115
0.585110,-1.482261
1.698507,-0.266928
-0.414369,1.928359
0.087738,-0.441873
-1.516586,0.475874
-0.292344,0.599227
-0.424603,-0.379462
0.225952,-0.598660
1.157761,-0.160763
-1.985893,1.025826
-0.577765,1.965719
1.185782,-0.654407
1.666473,-0.570566
1.660558,-0.041644
-0.021861,0.643759
0.727241,-1.436751
1.161498,0.425747
0.296322,-1.252871
0.354107,-1.615940
0.305256,0.837521
0.859933,-1.987087
-0.563253,-1.564669
-0.366549,1.662699
-0.163329,-1.208788
-0.498064,-0.149222
1.817038,0.924171
-0.183503,1.002820
-1.730236,-0.517031
-1.567745,1.930323
1.441325,0.410393
0.574082,0.168566
0.973643,-0.264420
-1.405687,-0.730036
0.482709,0.948420
-0.345976,-1.212035
-0.214060,-1.486043
-1.199122,1.222688
-1.050712,0.434329
0.885386,0.785959
1.225541,-1.612678
-1.363263,1.042579
1.311493,0.453234
0.045399,1.581258
1.936203,0.477654
1.511580,1.377529
-1.111953,0.085662
-0.453905,1.861690
1.821242,0.140408
-0.868346,0.303951
-0.911172,0.785678
1.091917,0.874768
1.299635,1.892795
0.097455,-1.751077
0.327124,-1.017158
1.034882,-0.447336
-0.629836,1.671619
-1.404757,-1.318343
0.124853,0.640642
-1.737085,0.061056
-0.881704,1.774495
-0.561415,0.006343
-0.139843,0.984680
-0.131967,-0.318601
-0.874912,0.999686
1.985350,0.213915
-0.214636,1.077267
-0.911317,-0.915001
0.970062,1.186139
-0.666078,-0.702814
-1.831020,-1.631196
0.849850,-0.460856
-1.959577,1.445093
0.220801,0.165275
0.085736,0.483716
-1.773669,1.204031
0.258211,-0.335084
-0.789626,-1.881632
-1.350404,1.078407
-0.200233,-0.225317
0.078093,-0.214883
1.988599,1.863457
-1.137615,-0.922718
-1.051544,1.832447
-1.736580,0.282377
-0.870367,-1.567599
0.651181,1.979483
-0.028455,0.691604
1.424576,-1.807654
-1.143121,-0.489688
0.676063,-0.916790
-1.285657,-1.065726
0.748126,-0.075282
-0.947359,1.397722
-0.996876,0.852408
-0.827595,1.081218
-1.362474,-0.838996
0.944675,-0.500090
0.238286,1.893130
-0.667643,0.501706
0.175508,0.461990
0.934106,-1.173311
0.441473,-1.094349
1.518293,-0.133950
-0.902002,-1.624828
1.376362,1.774060
-0.541618,-1.909295
-1.291666,-1.793492
0.015423,-0.239025
1.604230,1.018547
-1.386616,-1.223364
0.099765,-0.749091
-0.062360,-0.955561
0.750820,-1.824075
-1.062430,-1.916823
0.677631,1.113078
0.545168,-0.388263
1.939767,-1.013359
0.517389,1.458059
0.852691,1.615387
1.833231,0.229053
1.389447,-0.708387
0.319758,-1.902220
-0.501879,-1.664820
-0.141244,-0.897649
1.353728,0.472139
-0.121014,-0.546508
1.723049,1.816626
0.497932,0.473869
1.992551,1.435501
0.557046,0.670182
0.548579,-0.897786
-1.718080,0.488346
0.088855,0.799308
-0.053595,-1.058455
0.414695,-0.220364
1.170598,-0.195858
1.071248,-0.509644
-0.098078,-1.430631
-0.174464,1.760678
-0.328280,-0.820736
0.232817,1.550706
0.632756,-0.044134
1.367332,-0.869313
-1.570265,1.359883
-1.433811,0.986781
0.030065,1.114768
-1.911005,0.311985
-0.396887,0.177849
-0.888707,1.549518
1.119394,1.525988
-0.670846,0.289992
-0.669870,-1.599597
1.780348,1.232052
-1.030229,-0.394116
0.992729,0.641491
0.785148,-0.774453
0.192197,-0.582096
1.181413,-0.440471
0.548591,1.611147
-1.080588,1.114780
0.597928,0.949477
0.229548,0.686923
-0.738538,1.832661
-1.135228,0.372755
1.382179,1.984166
-0.101257,-1.288666
0.274159,1.228872
-0.888264,0.054507
0.460924,0.081508
1.660391,-0.546347
-1.277001,0.445538
0.679200,0.915196
1.863442,-0.139388
-1.525275,0.412033
-0.528240,-0.605863
-0.473187,-1.930312
-1.656386,1.756360
0.756611,-0.394925
1.589021,1.621383
1.977830,0.971201
1.605549,-0.123427
1.682534,-0.120292
-0.894555,-1.205729
1.934215,1.566368
0.875778,1.594606
-0.979979,1.598777
0.040144,1.699221
0.513973,-0.096414
-0.440167,0.988698
-1.684381,1.031592
-1.617165,-0.157569
1.101280,-1.273552
-0.401208,-0.142109
0.331524,-0.812187
-0.520726,0.309354
-1.840987,-0.915176
-1.814074,1.841548
0.964532,-0.708629
-1.364182,0.898747
-1.142261,1.511596
0.493353,-0.122240
1.110373,-1.466503
-0.423019,-0.375654
0.437083,1.136814
-1.386956,0.752702
0.168406,-1.004121
-1.404867,-0.730313
-0.277673,0.193925
1.127578,-1.946149
1.381737,-1.393148
0.363205,1.540751
-0.308324,0.549131
1.382298,-1.343792
1.840502,-1.981884
1.554954,-1.301759
1.529713,0.048307
0.576002,0.640086
0.581804,-1.847017
-1.735567,-0.981114
1.289797,-1.122523
1.771588,-0.541797
-0.126645,-1.633279
0.727889,1.595682
0.560645,-0.144533
1.649533,-0.057617
0.462319,0.012738
-0.516867,-1.846005
-1.438131,-1.134568
-1.189797,-1.597629
-1.116452,-1.634843
-0.899388,-1.586739
0.413464,1.676614
1.053347,-1.004732
1.829597,1.317780
0.014154,1.119394
-1.804744,-0.214258
-1.422404,0.068611
0.152463,1.305486
-0.335706,-1.286892
-0.839047,-0.686173
0.655491,1.623273
1.326564,-1.861376
1.777268,1.888433
-0.995945,-1.412530
-1.709196,-0.112397
-1.047373,-0.608583
0.300864,1.366091
-0.931969,-0.645789
-1.638641,-1.102372
-1.328010,0.375513
-1.982979,-1.132753
-1.838746,-1.405382
0.935858,0.313717
1.900103,-1.399848
1.026825,-0.938943
-0.086022,-0.317685
-1.315671,-0.759458
-0.179061,-1.538403
-0.871024,0.824994
-0.950933,-0.580220
-1.287402,0.001694
0.811196,1.013462
-0.632215,1.879227
-1.632328,-0.270856
-1.223145,-0.960337
-1.895343,-1.206124
-0.093090,-1.734089
-0.611507,-1.157232
0.579628,-0.711403
-0.557081,-0.393548
0.349653,1.356897
1.288768,1.033983
-1.402560,-0.890293
1.495579,-0.273585
1.934701,-1.455354
1.146195,-1.352702
0.546340,-0.042608
1.660760,1.914126
-0.163381,-1.971568
-0.356730,0.613473
-0.931905,-0.252073
1.407349,0.975005
0.013838,-1.204157
1.817772,-1.406535
0.084440,-0.739308
0.199918,-1.565907
-1.382411,-0.511315
1.468076,-0.784971
0.598392,0.963655
0.941444,0.533093
1.508301,0.087639
1.180391,0.054642
-1.954969,0.841151
-0.031232,-0.118350
0.869584,1.612038
-1.504877,1.937679
-0.640036,1.902472
0.912684,1.373802
-1.301685,0.730456
1.967268,0.782755
1.991148,0.167185
1.216848,-1.391263
1.655871,0.684924
-0.176235,0.254262
-0.351421,-1.234791
-1.212645,-0.843120
0.852849,1.967746
1.211522,0.897880
0.808897,-0.819710
-1.220471,-0.321519
-1.207672,-0.725348
-0.383840,0.152292
-0.822875,-1.471156
-0.473905,-0.124560
1.259300,-0.506638
-1.341805,1.250448
1.660547,1.875043
1.859184,1.316418
0.559967,-0.317050
-0.429320,-1.791454
0.448159,0.358035
-0.634574,-0.698992
0.325782,-1.423051
-1.801112,-0.865321
-0.242761,-1.021583
0.813160,0.549567
0.253070,-1.570680
-1.298141,1.430194
-1.041836,0.227954
-0.694366,-1.782536
1.721316,-0.036171
1.467911,1.381864
-0.161128,1.327096
0.698282,-1.601161
-0.989955,-1.731038
-1.392615,1.458205
0.626997,-0.027189
-1.240787,-1.047221
0.549760,-1.041900
0.087458,-1.693001
-0.063483,-1.099382
0.856566,-1.810413
-0.670062,1.558425
1.619781,0.288102
-0.213621,-1.074584
0.505565,-0.492305
0.889245,-0.026523
-1.110441,-1.271883
-0.699428,1.587841
-0.873044,0.310618
1.856803,-0.265660
-0.231178,0.483800
1.707152,0.528035
1.436579,0.256911
1.486135,-0.475962
0.563910,-0.577348
0.424656,-0.579524
-0.387761,1.754594
-1.021099,-0.767979
0.042696,0.765280
0.157436,-1.451738
-1.727024,-0.953319
0.521738,-0.837465
-0.225202,1.822311
-1.249625,0.901754
0.132928,-1.392822
-1.363906,1.901750
1.090978,-1.656754
0.429785,0.527557
0.600157,-0.084081
-1.948405,-0.835933
1.338572,0.476251
0.584543,-1.049189
0.230845,1.563445
0.182832,-1.726459
0.328725,-1.659732
-1.178197,0.601701
-0.613051,1.343541
1.764235,1.161747
1.165852,-1.485389
0.063501,-0.701220
-0.878211,0.699595
-0.799470,-1.787233
1.042840,1.630315
0.740324,-0.357003
-0.453766,0.791919
0.807064,-1.115194
-0.731831,-0.608392
-0.164383,1.499015
-1.044948,-1.981551
1.772556,1.283777
-1.641284,-1.405641
-0.114522,-0.254334
1.937900,-0.350287
-1.092587,1.103752
0.164324,0.970913
-1.597468,1.286113
-0.329492,-0.396938
1.498879,-1.286652
-0.766623,0.239203
0.356345,0.779611
-0.968878,-0.836591
1.664417,0.299291
0.555017,-0.499967
-0.201695,1.510069
-0.481518,-0.429139
0.793846,-0.122802
0.165220,-1.320676
1.622864,0.103120
0.329037,-1.469723
-0.793128,-1.506639
1.501190,-0.390596
1.779474,-0.828302
1.212466,1.278353
-0.114954,-1.554157
-0.482444,-1.758609
1.225453,0.548678
-0.595200,0.889870
-1.152031,1.959817
-1.610097,0.646274
1.469886,-0.091615
-1.782865,0.263733
1.785584,0.382356
0.943057,1.408448
-1.514524,-0.727906
1.938725,-0.307651
-0.234544,1.439914
1.301753,-0.455071
-1.388388,0.514219
-1.176717,0.496657
0.960062,0.340839
0.738048,0.185515
-1.110484,-1.857152
-0.924615,-0.262515
-1.897335,-0.534711
-1.616241,1.572552
1.373674,-1.399106
-0.163716,1.159258
0.983250,-1.220659
0.567706,1.468726
0.051435,0.506430
-0.838926,1.816891
-0.053655,-1.537173
-0.638180,0.557957
0.977046,0.185103
-0.945386,-0.062892
-1.474058,1.792662
-1.877377,-0.584542
1.935510,-0.801992
1.152943,-1.961824
0.663297,1.536702
1.610727,0.036971
-1.862404,-0.552988
-0.803771,1.120846
0.226353,1.763935
0.589572,-1.722212
0.270365,1.750646
-1.905321,-1.783290
-1.786527,-0.543500
0.774667,1.190520
1.641603,1.829281
-0.872372,-1.832456
1.621943,-0.749749
-0.416998,1.557453
0.448259,-1.264055
1.595629,-0.888445
-1.727353,1.206356
1.148526,-1.589758
-1.346632,-1.655245
1.531088,0.879721
-1.891310,0.120660
1.157509,0.379055
-0.128694,1.252188
0.595765,0.084779
-1.291312,-0.629569
-0.724701,-1.649709
-0.800288,0.402926
-1.482165,-1.178345
1.653177,0.100837
-1.620892,0.101436
0.836782,1.974737
1.212991,1.109429
1.181093,0.361517
1.519671,1.834461
0.706272,1.050759
0.714182,0.814962
-0.828581,-0.128309
-0.805983,1.042724
-0.876121,1.789781
-0.872497,-0.167433
-0.839787,0.402802
0.182857,0.359925
-1.194272,0.700692
1.181580,-1.541095
-1.198470,1.560688
0.560341,1.638312
1.535425,-0.226668
0.747741,0.716518
-1.865151,0.267412
0.550979,0.841121
-0.681829,-0.734839
-0.343917,0.489589
1.136851,0.850099
-0.467686,-1.739270
0.639881,0.659817
0.093297,1.800094
-0.937381,-1.723846
0.160019,-0.131652
0.976847,-0.658401
0.327253,1.778376
-1.097713,-1.112406
1.416688,-1.562288
0.660926,0.164429
1.154230,0.795774
-1.568160,-0.294791
-0.363105,-0.249989
0.970369,1.292978
-1.760399,0.107221
0.143077,-0.228086
0.367951,-1.217042
-1.568268,-1.538752
-1.416949,-0.505649
-1.262598,0.743070
1.362699,1.714249
-1.915332,-0.310048
1.492625,-1.013045
0.577545,0.909313
-0.575333,-0.761529
-0.926258,-1.421103
-1.965755,-0.494418
0.284106,-0.328859
1.255593,-0.745525
-1.035881,1.495194
1.361696,1.107196
-0.732892,-0.270353
1.890154,-0.301160
0.190895,-1.526795
1.193191,0.928297
1.216275,0.555890
0.642546,1.300943
-1.754158,0.135171
-1.712102,0.823387
-0.955516,-0.287435
-1.938142,0.118226
0.291462,-1.903897
1.623808,-1.424432
-0.232756,0.879401
-0.169957,0.731363
0.374595,-0.808261
-0.161441,1.641703
0.921386,-0.271288
-0.659457,-0.887719
0.201917,-1.466266
-1.959422,-0.581809
1.089624,0.683124
-1.280866,1.335466
-1.181705,-0.992967
0.158853,-0.137221
0.719598,0.220711
1.981005,-0.988940
0.316814,1.604813
-0.413372,-1.915942
0.484214,1.416671
0.815421,-1.141192
-1.391589,-1.346020
-1.499488,1.529797
0.382692,-0.158945
-1.357922,-1.415391
0.374790,-1.317343
0.002800,-0.535586
1.365781,0.721935
-1.200120,-1.815924
1.728968,0.958733
0.046855,0.448565
-0.820556,0.027860
1.459626,1.496258
-0.367327,-0.953746
1.580316,-1.883114
-1.537075,0.395738
-1.024305,-0.928664
1.049718,-0.523793
-1.398867,-0.567590
1.317262,-0.756789
0.017019,-0.307949
-0.074132,-1.980181
1.156465,-0.708351
0.741754,1.956345
-0.524275,0.470722
0.915078,1.522580
-1.080713,-1.905478
-0.449560,-1.621087
1.590780,1.183112
-0.574834,1.171096
1.299999,-0.111908
-0.433166,-1.724306
0.959428,-1.383449
-0.248100,1.560561
0.048961,-0.930838
-1.196228,-1.934020
0.761213,0.729640
-1.914201,-0.082322
-1.978711,0.827553
-0.125977,-0.502987
-0.701725,-1.210899
-0.980407,0.217562
-1.116378,0.570033
0.596475,-1.525598
-0.246855,-1.978359
1.645498,-0.946856
-0.090267,-0.787669
-0.671163,-1.130839
-0.171117,1.080738
-1.570279,1.877844
-1.850101,-0.766507
1.943824,0.911112
1.963133,-1.970377
-1.171210,1.984422
0.857176,0.702813
-0.518565,-1.844549
1.491914,0.501028
0.373013,-1.624464
-0.928939,-1.030512
-1.150063,0.824206
-1.008871,-1.504565
1.877350,0.900861
-0.292233,-0.793813
1.770022,1.536650
-1.713075,-1.800257
1.414494,-1.563176
-0.566763,1.358318
1.347936,-0.603630
1.387941,-1.823274
-0.619208,0.245117
0.879539,0.862227
0.400569,0.371453
-0.636744,-1.226418
0.746989,0.434316
-0.256931,1.596926
-0.741478,0.734198
-1.907638,-0.864129
-0.364941,-0.199872
0.342058,-0.594919
-0.663222,0.628983
-0.395176,-1.248728
1.065807,1.038061
-1.890411,0.413743
-1.565569,1.497530
0.590470,-0.184777
-0.257353,-0.529991
-1.322549,-1.856784
1.841462,0.040706
-1.083203,0.588451
-1.524977,0.659867
0.185377,-0.266456
-0.605935,0.277739
0.869416,1.029124
-1.922133,-0.788526
-1.565795,-0.585355
1.840457,0.039029
0.165916,0.906264
-0.922910,0.275506
-0.679993,-0.488479
-0.226964,1.910477
1.326745,1.515683
-0.619514,-1.995804
1.658899,-0.778052
0.044902,-1.424304
1.810399,0.519925
1.235563,-0.004224
-1.746531,-1.370373
-1.726485,1.122885
1.658751,-1.648618
-1.665641,-1.907044
-0.233973,-1.825184
0.131985,1.931944
1.081080,1.209076
0.207449,-1.598913
-1.279403,1.980485
-1.688436,-1.952658
1.496168,-0.307950
-1.948462,1.155066
0.913998,0.096440
1.730762,0.724397
-1.383636,0.966325
-1.279826,-1.130167
1.595953,-1.006311
1.992718,1.254704
-0.654929,-1.672923
1.347660,1.111098
-1.498107,-0.520355
1.043041,1.582973
-1.311279,-0.749510
1.984061,-0.590682
-0.769025,-1.704375
-0.543340,-1.272857
-0.012325,-0.491803
1.882209,-1.098327
1.604637,1.612971
1.626070,-1.778999
0.579297,-1.653756
-0.909165,0.175249
-0.660068,-0.916447
-0.570047,0.685003
-0.589370,-1.222387
-0.203899,-0.087476
0.257258,-1.160858
-0.504503,0.945979
0.089633,-0.520442
-1.644703,1.320608
-0.224818,-0.188043
-1.952250,1.762857
1.320155,1.929959
-1.335470,0.924792
1.542931,-1.709399
1.145793,0.122227
-1.363155,-1.763372
-1.702523,-0.023223
-0.679819,-0.272570
-1.338220,0.730811
0.505043,0.457881
-1.356665,-1.237699
1.297024,0.138832
1.708281,-0.613344
1.618390,-1.936422
-1.292736,-0.606428
-0.124465,-1.244986
-0.843571,-0.804310
-1.315026,-0.179040
-1.879518,-1.772096
0.111561,1.266275
0.350132,0.748405
1.502902,0.647608
-1.274818,-1.176917
-1.624962,-0.613037
1.553895,0.880081
1.844844,-1.802770
1.642382,1.141868
0.336062,1.350663
-1.471476,-0.045549
1.414241,-0.764212
1.348023,-0.710224
-0.009198,-1.495548
0.485466,0.675776
0.325412,0.605948
0.903680,-1.563027
-0.127778,-0.746188
1.185378,-0.624875
1.901420,1.910561
0.198208,-1.723542
-0.702477,-0.247897
1.156539,-0.857632
-0.050668,0.798921
-1.715765,-1.714606
0.149584,-1.187241
0.239845,-0.436175
0.048546,-0.412132
0.853601,-1.960652
0.092321,-0.660933
0.715124,-1.582267
1.945015,-0.381196
-1.145294,-0.182763
0.872616,-1.959916
1.192361,0.774036
1.950645,-0.609431
1.050494,-0.751832
1.142672,0.207032
0.390536,-0.907996
-0.994047,0.674771
-0.622602,1.155537
1.487530,1.617244
-1.280638,-0.463924
-0.794888,1.572963
-0.424576,1.297433
-1.087970,-1.709452
1.715166,-1.142955
-0.090648,-1.430129
0.674282,-1.218032
-1.390045,-0.133357
1.556003,-1.439400
1.257212,0.606497
-0.191232,0.399885
-1.186471,-1.800696
1.491889,-0.180517
0.874075,-1.130712
-1.024980,0.361604
-1.513469,-0.305618
1.897680,-0.308357
-0.732655,-0.526896
-1.010924,0.179375
-0.236347,-1.295759
1.036420,1.673005
-0.725887,-0.289299
-1.545028,-0.115932
1.577344,-1.989025
0.444668,0.834557
0.617472,-1.746564
-0.765559,1.431001
-1.547260,-1.273670
-0.749516,1.326815
-0.404382,0.225503
-0.311581,0.082149
1.919885,-0.413901
1.773792,-0.812770
1.059203,-1.237132
1.366605,-1.177144
-0.532890,0.403024
-1.504140,0.741222
-1.886274,-1.049168
-1.374709,1.691070
-1.038192,1.069959
0.525627,1.579279
1.323395,1.760068
1.010280,1.776135
-1.513601,-1.739236
1.102950,0.082016
0.486267,-1.208632
-1.835834,0.406153
0.377467,1.937958
1.593383,-0.563330
-1.299174,0.959987
0.259526,0.167936
-0.636988,0.755386
-1.090842,-0.523262
1.706219,-0.465551
-0.832192,-1.331973
-1.395593,1.693434
-1.752694,1.927802
1.453503,1.257586
1.703937,1.939901
1.518350,0.806887
0.021918,0.004618
1.598255,0.186083
-1.589230,-0.024277
0.124041,-1.995847
1.412393,0.824867
0.964140,-0.328081
-1.007197,-1.672848
-1.572695,-0.098039
-0.196111,-1.866476
1.436409,0.971697
-1.198449,-1.959184
0.665131,-0.951143
1.968619,0.118634
-1.693557,1.672556
0.058535,1.824794
0.479443,-1.919547
-0.170589,0.077699
0.266536,0.240182
-1.946579,-1.609423
0.244334,1.465814
1.215444,-0.791526
-0.862267,-1.791754
-0.464374,-0.434962
0.110207,1.339516
-0.301437,-0.453384
0.311213,0.500114
-0.412567,-1.023656
1.548971,-0.443949
1.094978,1.855414
-0.771392,-0.846487
1.680208,1.708051
-0.766034,-0.490381
-0.214251,1.500502
1.749801,-0.160829
1.891078,-0.005865
-0.695015,1.106522
1.202609,0.442718
1.314768,-1.261764
-1.992244,-0.575025
-1.922248,-0.293681
0.971591,0.388965
-1.793567,-1.440976
1.365309,1.755403
0.115075,0.460287
1.610817,1.343683
1.613801,1.291025
1.051733,-1.152233
-1.199356,-1.162517
-1.651732,-1.449556
0.676654,-1.760654
0.544579,1.981638
1.345868,-0.252811
0.424356,0.660637
0.485424,0.432111
-1.914388,0.563176
-1.861570,1.057203
-1.047859,-1.655137
1.616227,-1.682550
-1.899734,-0.268698
0.777737,1.711084
-0.925016,0.391538
1.002109,-1.873282
1.239304,1.802752
-1.035799,1.587572
-1.646803,1.640854
1.826919,0.897776
1.622492,1.172787
-1.355035,0.046848
-0.166576,1.130389
-1.521041,-0.080965
-0.306435,-1.382610
-1.023762,0.645706
-1.037748,-1.407535
0.963156,-0.937481
0.323767,-0.259107
-1.226398,1.398751
-1.867570,1.775711
1.525469,1.371734
1.578463,-1.510331
0.959307,1.931660
-1.869476,0.786226
0.829436,1.753016
-0.040987,1.474401
-0.200136,1.792437
0.604790,0.278823
-0.288528,-1.701644
0.896213,0.687710
0.944062,1.858465
1.280175,-0.092783
-1.079016,-0.396058
1.648110,-0.305414
-0.997307,1.780540
-0.529703,-1.471839
1.152274,-0.951240
-0.982169,0.111581
-1.019580,-0.851646
-1.102193,1.809856
-1.098630,0.856820
1.284258,0.701234
0.649256,-0.110952
-1.019943,-1.639272
0.187404,1.876270
1.048439,-0.868535
1.734735,0.328614
1.038682,-1.344281
1.932556,0.686792
0.350305,-1.064751
0.467332,1.820602
-0.536590,-0.380394
-1.130639,0.481241
1.731187,-0.150219
1.629595,-1.371006
-0.340363,-1.469034
1.485813,-1.056105
1.232200,0.135069
0.832943,-1.787743
0.495798,-0.979653
-1.911473,-0.455764
0.151812,1.823262
1.872850,-0.809506
-1.521019,1.805406
1.877286,0.829286
-1.259345,0.344618
0.649888,0.204065
1.964224,1.519249
-1.314694,1.695410
-0.630970,-1.685099
-1.675596,1.028667
-1.154133,1.810218
1.972562,-1.921933
-0.054713,0.805505
-1.709676,-1.558915
1.825852,-1.621149
-0.014679,-0.022336
-1.797887,-0.141828
1.168158,-1.318906
-0.336422,1.045444
1.510381,0.404233
-0.609939,0.160268
-1.391703,-0.645715
-0.320483,-0.706397
-0.950304,1.048547
-0.391496,-0.625900
0.077215,0.454371
-0.815683,0.049777
0.532437,1.129604
-1.144717,0.822761
1.570689,-1.318865
1.201612,-0.443990
0.658798,1.403725
1.414182,-0.173044
-1.915180,-0.922240
-1.127600,1.595200
1.481992,0.262462
-0.244531,-1.909710
1.616747,1.434986
-0.616107,-1.333558
0.483533,0.992397
0.040542,-1.439252
-0.553233,1.224859
0.610525,1.979205
0.354463,1.465807
0.801966,-0.074848
-1.853058,0.003578
1.481163,0.805740
-0.592697,0.895344
-1.367304,-0.507877
1.973104,-0.494903
-0.912677,1.455096
1.767558,0.842792
1.545386,1.384305
0.277777,-1.070722
-1.949253,-1.238690
1.921675,0.091289
-0.677942,-0.631558
-0.683852,1.932583
-0.652353,1.670611
1.398390,-1.850387
-0.404236,1.545332
0.153190,-0.923074
0.351072,1.560493
1.972270,0.983768
-0.947384,1.945374
-1.511135,0.139939
1.400470,-1.743577
-1.017270,0.945856
1.640728,1.260508
1.875135,1.691475
-1.978182,1.796810
-0.217236,-0.656124
-0.834748,1.098912
-0.723542,0.512899
0.769523,-1.325152
0.662511,-1.634713
-1.779820,-1.184299
-0.557787,0.571252
-1.623806,-0.585517
-0.444980,-0.571190
-0.640142,0.043885
1.568749,-1.239672
0.300308,-1.448521
1.706184,-0.058964
1.811986,1.581319
-0.367489,1.833804
1.378128,1.415275
-0.822320,-1.456620
0.514186,0.454138
1.056279,-0.716291
1.128986,-0.281210
-0.351004,1.349166
0.534491,1.091209
-0.079582,0.910686
-1.494308,1.475438
-1.660504,-0.134451
-0.480677,1.908244
0.625877,1.819631
-1.540277,0.332062
-0.239334,-1.728291
-0.086620,1.393177
-1.894487,-0.708492
0.808452,-0.716807
-0.165112,-0.677362
1.737331,-1.108833
0.606347,0.866317
0.609957,-1.744657
0.215483,-0.855551
1.346552,-1.864100
-1.944866,1.852244
1.611338,-1.605370
-0.282207,-0.869340
-1.697126,-1.656329
-1.049709,-1.237403
0.675732,0.710957
-0.965694,-1.410888
0.104134,-0.860181
-0.119379,-1.087414
0.423012,1.715509
0.235224,0.160343
-1.393324,-1.158428
-0.973340,1.216633
-0.903085,1.242142
-1.638918,-1.556533
1.378042,-1.583784
-1.704289,0.989380
-1.189154,0.013505
-1.879959,-0.886280
0.357175,-0.929669
-0.123683,-0.967093
1.781289,0.910623
-0.377980,-0.114577
-1.949557,1.502640
0.798009,0.473455
1.218150,-0.966766
-1.366202,1.824826
-0.125194,-0.339542
1.041459,0.971721
-1.097400,1.402541
1.415188,-1.719358
1.818757,1.710900
1.270022,-1.370397
-0.275596,1.390063
-0.256677,-1.918421
-1.539606,1.619640
-0.885513,-1.758317
0.530264,0.736506
0.127106,0.580707
0.239147,-1.074884
-0.945838,-0.542704
-0.041650,-0.312040
-0.717878,1.833155
1.348417,-1.676419
0.804876,-1.748983
1.726122,0.220065
-1.468341,1.544880
-0.069036,1.801682
-1.825517,1.655368
1.191745,-0.082194
1.736947,1.652139
-0.462554,-1.148566
1.893822,-1.932290
1.587940,0.020929
0.648417,-0.172913
0.946044,1.702579
1.284383,-1.095606
-0.609462,-1.433495
-1.262451,-1.261044
-1.109913,1.542425
-1.010027,-1.383791
-0.237510,-0.478368
-1.838911,1.693454
-0.676686,-1.664429
1.348822,-1.484941
0.253377,1.085770
-1.832802,1.790824
1.937203,-1.938980
1.858534,1.525144
0.081949,0.506951
-0.647769,-0.972007
0.209529,-1.363386
-0.067613,1.600068
-0.796881,0.669936
-1.660977,0.093206
0.212361,-0.671004
0.709415,1.974851
0.850628,0.870504
1.668305,-1.826058
1.206075,1.017127
-1.311000,-0.540548
0.102896,-1.143802
-0.749724,0.040100
-1.082782,-0.891190
-0.434757,0.999167
1.615761,0.917474
-1.972840,-0.174710
1.554088,-0.040454
-0.574642,-1.242792
-1.370518,-0.235619
0.850414,0.841843
1.093377,-0.440171
0.816693,-0.055995
-1.569667,0.484998
0.117947,1.636408
-0.497875,0.806948
-0.904140,1.605021
1.663146,0.346136
-0.354879,-1.419636
1.454947,1.210364
1.579531,1.070707
0.127838,1.606691
-1.104002,-0.318074
-0.433763,0.321356
0.439134,0.195719
-1.914263,-0.710453
-0.962439,1.179115
0.849376,1.854255
-0.876880,1.279709
0.339253,1.241067
0.916117,1.841377
0.048015,-1.988023
1.446398,-0.288840
0.358113,-0.908481
0.291524,-0.186940
-1.698117,-0.128945
-1.116233,0.429721
-0.522254,-0.220235
-1.888353,1.043983
-1.898879,0.550780
-0.760298,-1.813141
1.840327,0.277263
1.365973,0.689703
0.131518,-1.510907
-0.030588,-1.529230
1.730161,-1.114471
-1.687852,-0.221825
-1.102494,1.758546
1.489336,1.255620
-1.149935,-0.219140
-0.931320,-0.848053
1.651916,-0.047553
1.581668,-0.870338
1.732212,1.693314
-1.826355,1.833334
0.244094,-0.586653
-1.979808,0.084422
1.690610,1.386166
-1.225875,-0.177872
1.875259,0.743537
0.292898,1.605420
1.629066,0.605046
-0.616405,-1.473428
0.363592,-1.127069
1.782192,1.213656
0.653791,-1.149129
-1.634397,0.305707
0.803318,1.947271
1.435369,0.535530
1.640585,1.609014
0.368864,-0.115320
-0.977640,0.389056
1.969101,-1.287030
-0.224778,-1.256774
0.535097,-0.349519
1.486763,-1.172005
-0.744099,1.115830
1.433041,0.639496
1.642402,-0.203367
1.512427,1.424594
-0.989711,0.166218
-1.724535,-0.624107
-1.528075,1.078783
-0.676836,1.907294
-0.385686,-1.036251
1.516307,1.983178
0.848429,-1.461332
0.372234,0.817531
-0.748363,-1.852544
1.560757,1.786735
-0.202064,1.047520
-1.385270,1.053837
0.163350,-1.952228
-0.306667,-0.194248
-0.155595,-0.794241
-0.769655,0.854694
1.371977,-0.494190
-1.769413,1.843902
-1.415407,-0.446249
1.751195,0.198907
0.517500,1.267503
0.182084,-0.634071
1.806170,-1.445682
-1.816540,-0.942192
